# E_photon	π＋π→ρ0＋γ	π＋π→ρ0＋γ_error	π＋π0→ρ＋γ	π＋π0→ρ＋γ_error	π＋ρ→π0＋γ	π＋ρ→π0＋γ_error	π＋ρ0→π＋γ	π＋ρ0→π＋γ_error	π＋π→η＋γ	π＋π→η＋γ_error	π＋π→γ＋γ	π＋π→γ＋γ_error	π＋η→π＋γ	π＋η→π＋γ_error	π0＋ρ→π＋γ	π0＋ρ→π＋γ_error	π0＋ρ0→π0＋γ	π0＋ρ0→π0＋γ_error	total	total_error	
0.01	0.0054177918915201346	0.0001529053856779454	0.006216920423106627	0.00017711963035388765	0.0	0.0	0.0	0.0	0.0	0.0	0.0	0.0	0.0	0.0	0.0	0.0	0.0	0.0	0.011634712314626759	0.00028676823087781097
0.03	0.004993796195091916	0.00013465606324147549	0.003944939625781055	9.253278535103488e-05	0.0	0.0	0.0	0.0	0.0	0.0	0.0	0.0	0.0	0.0	9.753339295788343e-11	4.251382035240556e-10	1.74366181296774e-13	7.600445634437297e-13	0.00893873591858073	0.00020906961240186017
0.05	0.002842919968223977	7.134044780399868e-05	0.001955078794081723	4.394266455134346e-05	1.8684214094852149e-10	6.629468734032399e-10	1.6916579010856617e-10	3.139451960007394e-10	0.0	0.0	0.0	0.0	0.0	0.0	1.8832462228557697e-10	5.878428836755739e-10	1.5770958832067283e-12	6.537092678217672e-12	0.004797999308215349	0.0001063817600731992
0.06999999999999999	0.0015695050973177221	3.8054386939079185e-05	0.0010386080349641062	2.531716770905859e-05	3.889951211557725e-09	4.697126515403333e-09	8.483156676545179e-10	5.613078550188784e-10	0.0	0.0	0.0	0.0	0.0	0.0	1.0470721594657827e-09	1.2345034448385932e-09	1.439231341224309e-11	2.860762641904268e-11	0.0026081189320131806	5.931144664109544e-05
0.09	0.000913485086657653	2.4403133146163786e-05	0.0005966451633874182	1.4291879501906634e-05	3.663410877230392e-08	5.820865610203593e-08	5.072229827814061e-09	2.7813184982051045e-09	0.0	0.0	0.0	0.0	0.0	0.0	3.259772535381613e-09	1.3335265077748234e-09	2.648133236827861e-08	5.1943454067037016e-08	0.0015102016974885752	3.62910349768892e-05
0.11	0.0005596030078636976	1.4562114539595225e-05	0.0003652345744795596	8.722266445075388e-06	2.624619060171624e-07	1.465314630436974e-07	1.4635780847351136e-08	3.5623662753795403e-09	0.0	0.0	0.0	0.0	0.0	0.0	8.647308703432944e-09	2.1359666798510472e-09	1.1602784151795233e-07	1.3738223686362628e-07	0.000925239355180343	2.1608186788255968e-05
0.13	0.00035717538681117125	8.922700168292645e-06	0.00023399578392944198	5.346030683979059e-06	6.534660067940144e-07	1.912033321344806e-07	3.0181454102037966e-08	5.230089711456423e-09	0.0	0.0	0.0	0.0	0.0	0.0	2.0054385852108328e-08	5.237549158176757e-09	3.045575152722527e-07	1.7935896172651943e-07	0.0005921794301026337	1.3102696406979041e-05
0.15000000000000002	0.00023652500110253692	6.030127816802505e-06	0.00015548935800331395	3.3441148035680164e-06	1.223585514667197e-06	2.4188476927823003e-07	5.509916766795112e-08	7.915324488001609e-09	0.0	0.0	0.0	0.0	0.0	0.0	3.630709562219065e-08	7.610077191296528e-09	5.835806765831057e-07	2.1534172992012948e-07	0.00039391293156039133	8.862278808852312e-06
0.17	0.0001607856759525507	3.883064895500169e-06	0.0001062063343170582	2.284062784977893e-06	2.038842354584741e-06	4.0361390206963836e-07	9.112832535599099e-08	8.77228254704049e-09	0.0	0.0	0.0	0.0	0.0	0.0	5.7188343386168484e-08	6.5971072440499754e-09	9.318410474899054e-07	1.8919101640116356e-07	0.0002701110103404257	5.856373548133328e-06
0.19	0.00011200217083703637	2.4230147508326413e-06	7.43140825359975e-05	1.5943239318961804e-06	2.978814520767786e-06	3.9715424308827806e-07	1.395445361015262e-07	1.048815435026561e-08	0.0	0.0	0.0	0.0	0.0	0.0	9.133307129096398e-08	8.449827981931931e-09	1.2999270875502474e-06	2.887158124275344e-07	0.00019082587258874441	3.884949305027626e-06
0.21000000000000002	7.963513925824601e-05	1.6776800609527974e-06	5.309038766417904e-05	1.1276256817425452e-06	3.888179997472039e-06	4.961469370945569e-07	1.9952311051179447e-07	1.3163371018874464e-08	0.0	0.0	0.0	0.0	0.0	0.0	1.285739952184178e-07	1.0056231500673785e-08	1.732943569922335e-06	3.125514146393629e-07	0.00013867474759554968	2.9129110708210005e-06
0.23	5.765067498781372e-05	1.1217142759779235e-06	3.8563720087941115e-05	7.647191890026897e-07	4.700249481451386e-06	5.499845286921899e-07	2.6734976942928035e-07	1.569353817869462e-08	0.0	0.0	0.0	0.0	0.0	0.0	1.75114601289145e-07	9.957336684205773e-09	2.038007933660029e-06	4.333806320645142e-07	0.00010339511686158467	1.9778572394943383e-06
0.25	4.229691727919646e-05	7.879208601473748e-07	2.8403367838450507e-05	5.220210770193238e-07	5.356791570871014e-06	6.095034560366444e-07	3.380894007435022e-07	1.992983505117233e-08	0.0	0.0	0.0	0.0	0.0	0.0	2.308637374033411e-07	8.635316210617359e-09	2.2095166558352034e-06	3.7236558877047046e-07	7.883554648250004e-05	1.5331050428632065e-06
0.27	3.1457528520604235e-05	6.121886365244072e-07	2.1168748658083042e-05	4.040058831654268e-07	5.876708355024815e-06	5.688119819019043e-07	4.092208553803268e-07	1.8503487812114798e-08	0.0	0.0	0.0	0.0	0.0	0.0	2.899918847634906e-07	1.4119097784522842e-08	2.375280216512628e-06	3.8283320904895976e-07	6.157747849036855e-05	1.3734913947371334e-06
0.29000000000000004	2.3657542579341513e-05	4.578726902956894e-07	1.5980506535352074e-05	3.246999164307923e-07	6.307428481158927e-06	5.741134070610406e-07	4.771717478887784e-07	2.2030684853560695e-08	0.0	0.0	0.0	0.0	0.0	0.0	3.5583059836526006e-07	1.4043163266029151e-08	2.5459370750589933e-06	4.5725204678645337e-07	4.9324417017165554e-05	1.2062142551632511e-06
0.31	1.800867027495681e-05	3.661410681652575e-07	1.2194097023032121e-05	2.2993406790944035e-07	6.408213884762543e-06	5.641222511440455e-07	5.471305046988343e-07	2.543297878212852e-08	0.0	0.0	0.0	0.0	0.0	0.0	4.1908415356197893e-07	1.4829886434997164e-08	2.595006380953224e-06	4.2940405008766346e-07	4.01722022219655e-05	1.1382589127382176e-06
0.33	1.3802507658696436e-05	2.516037401375543e-07	9.397886055006649e-06	1.7710557980908024e-07	6.699353232392455e-06	5.371613719191524e-07	6.016509798162709e-07	2.5111555975332506e-08	0.0	0.0	0.0	0.0	0.0	0.0	4.862628257605211e-07	1.6396260832057918e-08	2.5506153340795988e-06	3.3199306849830616e-07	3.353827608575193e-05	9.190896900691096e-07
0.35000000000000003	1.0699446733298071e-05	2.1940122844223188e-07	7.2908257124412565e-06	1.3372829901872757e-07	6.688606613263072e-06	5.3604558270841e-07	6.496206055934649e-07	2.3253248874121907e-08	0.0	0.0	0.0	0.0	0.0	0.0	5.497990513404595e-07	2.019176553065996e-08	2.497917675892493e-06	3.3105519405956265e-07	2.837621639182882e-05	8.373808438408248e-07
0.37	8.345343010157108e-06	1.8110882805030507e-07	5.706590275437639e-06	1.0677905080346412e-07	6.655340811955139e-06	5.236519891848063e-07	6.814818372134007e-07	2.563419888326389e-08	0.0	0.0	0.0	0.0	0.0	0.0	6.070442692531346e-07	2.3845632993717314e-08	2.381537810622092e-06	3.263866440178555e-07	2.4377338014638517e-05	8.165823323709379e-07
0.39	6.561038089765344e-06	1.5198049102906246e-07	4.495122543051619e-06	8.623927428307753e-08	6.484864700553256e-06	5.173935185287543e-07	7.08061957205451e-07	2.6788265312459042e-08	0.0	0.0	0.0	0.0	0.0	0.0	6.567382805259228e-07	2.4723142607152473e-08	2.32050662520122e-06	2.903105422270556e-07	2.122633219630281e-05	7.094034640304859e-07
0.41000000000000003	5.175303386564999e-06	1.2117456486649687e-07	3.555701492272826e-06	7.817722710087642e-08	6.340368996704135e-06	4.1741833736764866e-07	7.221790333664556e-07	2.7465169278904758e-08	0.0	0.0	0.0	0.0	0.0	0.0	7.04231261421152e-07	2.8800648297460896e-08	2.1940769063126714e-06	2.656960409917354e-07	1.869186107664224e-05	6.769851501853292e-07
0.43	4.122015380898395e-06	1.0173102046631449e-07	2.836892658394489e-06	6.114056551320435e-08	6.1131189177801486e-06	4.2196231297130546e-07	7.267352044228392e-07	2.777875443413852e-08	0.0	0.0	0.0	0.0	0.0	0.0	7.38321912473906e-07	2.987478350902669e-08	2.074277198760493e-06	2.1855967319758377e-07	1.661136127273027e-05	6.243056902437063e-07
0.45	3.300438663867277e-06	7.656041187588382e-08	2.2738656145292117e-06	4.795712130546258e-08	5.84723112693813e-06	3.7456514560409476e-07	7.249087512185316e-07	2.911082035803459e-08	0.0	0.0	0.0	0.0	0.0	0.0	7.68802125828706e-07	3.110474850461658e-08	1.963929209942443e-06	2.349010517957939e-07	1.48791754923243e-05	5.703542071428811e-07
0.47000000000000003	2.648226628259919e-06	6.284611026456776e-08	1.8293008908789579e-06	3.777131879609938e-08	5.552852931908774e-06	3.1239414246626225e-07	7.132964065144841e-07	2.8399691618837676e-08	0.0	0.0	0.0	0.0	0.0	0.0	7.875683133028715e-07	3.0319046879897054e-08	1.8542615196800961e-06	1.9035443577202628e-07	1.3385506690545103e-05	4.617631526616166e-07
0.49	2.141905614846262e-06	5.820411156867092e-08	1.4781528331691944e-06	2.8637570196448487e-08	5.25287568023816e-06	2.8224840869419837e-07	6.945140858962004e-07	2.7043260735679835e-08	0.0	0.0	0.0	0.0	0.0	0.0	8.003409202159067e-07	2.8887378339747463e-08	1.7355878202896836e-06	1.5787517561064792e-07	1.2103376954655408e-05	4.029882540470844e-07
0.51	1.7424097212801445e-06	4.930384212349211e-08	1.2050273442632163e-06	2.351008567006445e-08	4.984340732595374e-06	2.4872271721657375e-07	6.724559380974867e-07	2.418724125813557e-08	0.0	0.0	0.0	0.0	0.0	0.0	8.079070426232181e-07	3.096496077395223e-08	1.5923990403387654e-06	1.2947360102024207e-07	1.1004539819198207e-05	3.662306842803683e-07
0.53	1.41366543028645e-06	4.06225352596416e-08	9.8419208165959e-07	2.196185575696678e-08	4.653591064021873e-06	2.2954269378498038e-07	6.447032641415736e-07	2.385589330596622e-08	0.0	0.0	0.0	0.0	0.0	0.0	8.058407472427748e-07	3.045562526306675e-08	1.4583995647836287e-06	9.818170178210507e-08	9.960392152135891e-06	3.374430557461444e-07
0.55	1.1550866583810819e-06	3.5179034778045076e-08	8.066219885826485e-07	1.9584211129444968e-08	4.37362429398614e-06	2.264243612279322e-07	6.15222041249957e-07	2.4465820792732846e-08	0.0	0.0	0.0	0.0	0.0	0.0	7.966528768476361e-07	3.355779906186002e-08	1.3613725094847738e-06	8.8231168212235e-08	9.108580368532238e-06	3.2881375072410394e-07
0.5700000000000001	9.478014501892027e-07	2.76648453516218e-08	6.631988963638189e-07	1.8426978163397403e-08	4.067284887561829e-06	1.8011517002994892e-07	5.833805727314729e-07	2.2515771593402594e-08	0.0	0.0	0.0	0.0	0.0	0.0	7.821072713187888e-07	3.286493465528295e-08	1.2452930932241118e-06	8.029629977880437e-08	8.289066171389225e-06	2.563612331264381e-07
0.59	7.825024843681595e-07	2.570981125736657e-08	5.478566680048372e-07	1.4813982343351512e-08	3.796460169017629e-06	1.8621750274598075e-07	5.49030008224534e-07	2.0941361471092254e-08	0.0	0.0	0.0	0.0	0.0	0.0	7.651556568514165e-07	3.04605090710146e-08	1.1354756147386318e-06	6.931166605448965e-08	7.576480601205208e-06	2.729956610763189e-07
0.61	6.459923918087022e-07	2.2646114085572433e-08	4.5207265749192603e-07	1.1275841616700446e-08	3.5112431002791766e-06	1.8031822320625282e-07	5.135325052256954e-07	1.8854123874904514e-08	0.0	0.0	0.0	0.0	0.0	0.0	7.406410393435066e-07	3.111262949303969e-08	1.0486551023353245e-06	7.612949146917991e-08	6.91213679648433e-06	2.590653698654018e-07
0.63	5.320291937812944e-07	1.7345863655811495e-08	3.751182765820983e-07	1.0101888988305666e-08	3.237387622338194e-06	1.3010491085389072e-07	4.788823092305438e-07	1.607844172344701e-08	0.0	0.0	0.0	0.0	0.0	0.0	7.155859608097591e-07	2.995982528059257e-08	9.581442415532955e-07	6.568186377234149e-08	6.297147604295185e-06	1.9291160863810683e-07
0.65	4.4585582576338155e-07	1.601709516876834e-08	3.112159405880534e-07	8.811138155272001e-09	2.9954124020489742e-06	1.1511982703178589e-07	4.4395159361676954e-07	1.6232923124802042e-08	0.0	0.0	0.0	0.0	0.0	0.0	6.887983975398891e-07	2.8138264106724006e-08	8.738385449016152e-07	5.6057937570553295e-08	5.759072704458683e-06	1.7915657495298193e-07
0.67	3.715975531341221e-07	1.3574957209758523e-08	2.6052252964888655e-07	7.286514376904119e-09	2.726953537341122e-06	1.0981675321884008e-07	4.103432248110801e-07	1.501388850868555e-08	0.0	0.0	0.0	0.0	0.0	0.0	6.594418492773268e-07	2.7903296691844468e-08	8.014673455587569e-07	4.7737641912357374e-08	5.230326039771293e-06	1.731010942190298e-07
0.6900000000000001	3.091197003432704e-07	1.0305293941580685e-08	2.1650086377033768e-07	7.222457936259459e-09	2.505745990792248e-06	1.0983932084711396e-07	3.7894878614862017e-07	1.4513605355524006e-08	0.0	0.0	0.0	0.0	0.0	0.0	6.278574079576418e-07	2.4669938790149224e-08	7.365761589037479e-07	4.5789922379335166e-08	4.774748907915866e-06	1.7110139987354556e-07
0.7100000000000001	2.582610183627629e-07	9.592646705963001e-09	1.8121405981828433e-07	4.657538916601309e-09	2.3039411823573977e-06	8.442980528861021e-08	3.477032585351685e-07	1.1940051801807067e-08	0.0	0.0	0.0	0.0	0.0	0.0	5.938853885332513e-07	2.3545765389100263e-08	6.659458765991081e-07	4.100103794784266e-08	4.350950784205973e-06	1.4126578021286437e-07
0.73	2.1600290621508237e-07	9.004298867388184e-09	1.5206934891851747e-07	4.4215125204944005e-09	2.094656414753266e-06	7.871432339559317e-08	3.1892659252146883e-07	1.0842745264786933e-08	0.0	0.0	0.0	0.0	0.0	0.0	5.625331857384425e-07	2.2666056015159068e-08	6.032072818443867e-07	3.540552519189749e-08	3.947395729991164e-06	1.3098054792972792e-07
0.75	1.8160264711198253e-07	7.443924771173561e-09	1.2656562777156368e-07	4.017442619365416e-09	1.9129570563255396e-06	6.546518928389422e-08	2.9116322126296737e-07	1.0435060350381922e-08	0.0	0.0	0.0	0.0	0.0	0.0	5.290531386190179e-07	2.092100365738538e-08	5.439457105981515e-07	2.961077031818085e-08	3.585287401689223e-06	1.1219367220301857e-07
0.77	1.5295860820360183e-07	5.362810776718331e-09	1.0655008509557721e-07	4.208515898949936e-09	1.7365206915347323e-06	6.508465325382129e-08	2.655243833198028e-07	8.438757074387445e-09	0.0	0.0	0.0	0.0	0.0	0.0	4.952748658486408e-07	1.9909097711843396e-08	4.925413680687e-07	2.6437541528326604e-08	3.2493700020710555e-06	1.0400562797572953e-07
0.79	1.2871770769397637e-07	4.517277836966356e-09	8.970741266688783e-08	3.5600204459675164e-09	1.5784467949266605e-06	5.345627957889644e-08	2.410012172545019e-07	7.691609614386635e-09	0.0	0.0	0.0	0.0	0.0	0.0	4.6360533770598347e-07	2.009739931838558e-08	4.428250805955881e-07	2.1744233795270417e-08	2.944303550843598e-06	8.990682143751455e-08
0.81	1.0908725797159245e-07	4.511470887473026e-09	7.628089854067801e-08	3.046424297182558e-09	1.4398421813035573e-06	4.829509004480911e-08	2.1840893907816147e-07	6.606120365358961e-09	0.0	0.0	0.0	0.0	0.0	0.0	4.320435476229062e-07	1.7139879504975134e-08	4.029052208497168e-07	2.111418143553063e-08	2.678568045366612e-06	8.396152981354924e-08
0.8300000000000001	9.214748145922435e-08	4.375961954109804e-09	6.41098906354157e-08	2.4433165972825354e-09	1.3045325013413418e-06	4.746713538190729e-08	1.9719658398287576e-07	6.083949641001705e-09	0.0	0.0	0.0	0.0	0.0	0.0	4.0122538390426636e-07	1.531935965039079e-08	3.6317716832358167e-07	2.0510470080709002e-08	2.422389009646705e-06	7.524836861366519e-08
0.85	7.825451231820608e-08	3.892366888531682e-09	5.4393622619796284e-08	2.4582480705499102e-09	1.1747332778466015e-06	4.389766072709622e-08	1.785542096094391e-07	6.17062477823861e-09	0.0	0.0	0.0	0.0	0.0	0.0	3.7287693361909117e-07	1.4215683963700484e-08	3.264553607157091e-07	1.4612887440335387e-08	2.185267916728843e-06	7.08496056047783e-08
0.87	6.629263721958494e-08	3.423814315031225e-09	4.585420218093337e-08	2.59626167162268e-09	1.0593558031156796e-06	4.188718135093304e-08	1.6128574262543245e-07	5.236676090510465e-09	0.0	0.0	0.0	0.0	0.0	0.0	3.4564127113680024e-07	1.3845205848468714e-08	2.95887615656056e-07	1.73611373248886e-08	1.9743172719344865e-06	6.910931142390459e-08
0.89	5.6801589842880434e-08	2.9551507149015395e-09	3.882631700994891e-08	2.1607397035121394e-09	9.614789282485974e-07	3.3760247949520104e-08	1.4530927610873176e-07	4.371814176836561e-09	0.0	0.0	0.0	0.0	0.0	0.0	3.181688084314842e-07	1.2488449616417315e-08	2.686269694066126e-07	1.4317747532010366e-08	1.789211889048255e-06	5.666528451823037e-08
0.91	4.820055110575103e-08	2.7075220417888155e-09	3.309818892396424e-08	1.6993931464056378e-09	8.668760544666303e-07	3.466670703534059e-08	1.3057189038074982e-07	4.551446185879244e-09	0.0	0.0	0.0	0.0	0.0	0.0	2.9302582725546606e-07	1.2024051818836701e-08	2.406025017396034e-07	1.3429096903576696e-08	1.6123750138721647e-06	5.662070091923854e-08
0.93	4.116262913430915e-08	2.159573828836664e-09	2.8400791167449192e-08	1.3929280912542602e-09	7.786952940440479e-07	2.792468551563572e-08	1.170170429300079e-07	3.603178764002001e-09	0.0	0.0	0.0	0.0	0.0	0.0	2.690415269538362e-07	1.0001599205414013e-08	2.1552094281102003e-07	1.034971707039739e-08	1.4498382270406706e-06	4.337369147145544e-08
0.9500000000000001	3.5184084096850726e-08	1.807552188739965e-09	2.4243028705749115e-08	1.1894790578553404e-09	6.99287363504704e-07	2.5908182406414794e-08	1.0484720622686987e-07	3.4626364026816398e-09	0.0	0.0	0.0	0.0	0.0	0.0	2.471654484449818e-07	1.0115390060696265e-08	1.9468511086166454e-07	1.0726659929398e-08	1.3054122418408205e-06	4.4275863082033e-08
0.97	2.98885193948714e-08	1.694686293681946e-09	2.07502799186317e-08	1.1331243012004734e-09	6.26029305484254e-07	2.2797883988477297e-08	9.389567514044452e-08	3.0142249895224786e-09	0.0	0.0	0.0	0.0	0.0	0.0	2.256725721591337e-07	8.945122290048601e-09	1.7425169824406763e-07	9.539315534594038e-09	1.1704880503414027e-06	3.6026981527832055e-08
0.99	2.5846703460466262e-08	1.6352687623028358e-09	1.7848908407168645e-08	7.792239367894371e-10	5.654742703897517e-07	2.2083192023406847e-08	8.368231396421574e-08	3.1780367466672754e-09	0.0	0.0	0.0	0.0	0.0	0.0	2.0785366171188626e-07	7.621129865565546e-09	1.5697097396738436e-07	8.544937335940038e-09	1.057676831900873e-06	3.596213465764612e-08
1.01	2.1915813797112292e-08	1.2237574674075645e-09	1.5024097269605496e-08	9.381868244334699e-10	5.041707030984597e-07	1.8586331190612263e-08	7.491158073951048e-08	3.0747462057005946e-09	0.0	0.0	0.0	0.0	0.0	0.0	1.894623945806661e-07	7.073114416941441e-09	1.405120483376223e-07	6.6130586544918404e-09	9.459966378229762e-07	3.1266311998998096e-08
1.03	1.8579396958732424e-08	1.2456462597274794e-09	1.2956018435078734e-08	6.804062876078535e-10	4.555103396780083e-07	1.900737126871267e-08	6.657038594034756e-08	2.4943792647398535e-09	0.0	0.0	0.0	0.0	0.0	0.0	1.735822646765042e-07	6.3480980579285376e-09	1.246898973520789e-07	6.5006744926568805e-09	8.518883030407501e-07	3.091854697175785e-08
1.05	1.605209853816822e-08	1.1415541510818651e-09	1.10478256356402e-08	5.357223965809978e-10	4.056127128032218e-07	1.2785120734259227e-08	5.9343848568637566e-08	2.5046455242710143e-09	0.0	0.0	0.0	0.0	0.0	0.0	1.5750909063246496e-07	6.179769201076043e-09	1.1267271712370127e-07	5.926559978014514e-09	7.622382933018341e-07	2.2586398742690852e-08
1.07	1.3711007063301034e-08	9.492059267144904e-10	9.583182477835473e-09	4.298929729164198e-10	3.639243810735729e-07	1.2870305533109097e-08	5.271108839198478e-08	2.064919125707874e-09	0.0	0.0	0.0	0.0	0.0	0.0	1.4298719776253996e-07	5.440405166689657e-09	1.0101873070944728e-07	5.13902216902492e-09	6.839355874786815e-07	2.1609008643974445e-08
1.09	1.1805855545970409e-08	8.332098055445903e-10	8.149272060489448e-09	4.426398569796114e-10	3.256668333892595e-07	1.3354085589307952e-08	4.7004064894057605e-08	1.7749178465576253e-09	0.0	0.0	0.0	0.0	0.0	0.0	1.30240244061627e-07	4.4166072075127575e-09	9.093466829234356e-08	5.126133774037422e-09	6.138009382437474e-07	2.0704215744915536e-08
1.11	1.0056524098021032e-08	8.192869930920662e-10	6.968392473227991e-09	4.909273412858166e-10	2.909536975782824e-07	1.1373417275984772e-08	4.176191614235862e-08	1.4673400518375404e-09	0.0	0.0	0.0	0.0	0.0	0.0	1.1757151900924599e-07	4.51620097697013e-09	8.135789554041909e-08	4.3464291325904215e-09	5.486699448415551e-07	1.801724478792407e-08
1.1300000000000001	8.712144033827207e-09	7.732427588001902e-10	5.973984949770956e-09	3.6994829553231637e-10	2.596668386664079e-07	1.1098523317074127e-08	3.698515621189361e-08	1.113384898220201e-09	0.0	0.0	0.0	0.0	0.0	0.0	1.0695687491699431e-07	4.091597230416724e-09	7.385027752712688e-08	3.810325734052528e-09	4.92145276306021e-07	1.6246944345125006e-08
1.1500000000000001	7.33412373293221e-09	6.308778473686675e-10	5.110926951348862e-09	3.1364262260270896e-10	2.3206243966071189e-07	9.550360171468197e-09	3.30039609306832e-08	1.1566042520410576e-09	0.0	0.0	0.0	0.0	0.0	0.0	9.696820580368126e-08	3.855699694879037e-09	6.61476710174167e-08	3.842299451624176e-09	4.4062732809677403e-07	1.5189580661648138e-08
1.17	6.377480158509847e-09	6.469523464491681e-10	4.370318019812251e-09	2.6746616274392726e-10	2.07317129168493e-07	8.867158242307754e-09	2.9171429250840682e-08	1.119265627713391e-09	0.0	0.0	0.0	0.0	0.0	0.0	8.717940048338722e-08	3.241048123442287e-09	5.953416500306096e-08	3.874093302707507e-09	3.9394992208410406e-07	1.3653967931945532e-08
1.19	5.490893524535737e-09	5.32583412890428e-10	3.7459946909235226e-09	1.6619932228176084e-10	1.85390302643959e-07	7.660131553998098e-09	2.5779123263376793e-08	9.933208290402238e-10	0.0	0.0	0.0	0.0	0.0	0.0	7.958609525157394e-08	2.795197613505208e-09	5.234395913113389e-08	3.2518500463729087e-09	3.523363685055028e-07	1.1302838404256409e-08
1.21	4.770049633978932e-09	3.7635828069197915e-10	3.1998379127424015e-09	1.4773339975379382e-10	1.6318806084718644e-07	5.7602459531805e-09	2.283235696243316e-08	8.643589834096389e-10	0.0	0.0	0.0	0.0	0.0	0.0	7.157136936609888e-08	2.552369552700264e-09	4.728486836539834e-08	3.1766294609871285e-09	3.1284654308783806e-07	9.511694824603635e-09
1.23	4.248255340327643e-09	4.044616594734506e-10	2.7652589416907227e-09	1.9481461896467128e-10	1.4565901893356041e-07	5.970830185132587e-09	2.0095353399076786e-08	7.800128066356947e-10	0.0	0.0	0.0	0.0	0.0	0.0	6.471173856278668e-08	2.500193030883366e-09	4.2123577972346444e-08	2.3940701140339386e-09	2.796032031497887e-07	8.973363254189979e-09
1.25	3.6513929424829195e-09	4.403333786997646e-10	2.418606473662994e-09	2.0397856898026285e-10	1.2976097703043388e-07	4.989297304842554e-09	1.804996436488243e-08	7.025719001904086e-10	0.0	0.0	0.0	0.0	0.0	0.0	5.841907250096866e-08	2.074774380825865e-09	3.7956129110846706e-08	2.414039162005502e-09	2.502561424232776e-07	7.97478270125338e-09
1.27	3.1189008120399644e-09	3.84341871191488e-10	2.0281346665355273e-09	1.7545576640641175e-10	1.147278820452738e-07	4.036706096901612e-09	1.593156671848804e-08	6.415309122920165e-10	0.0	0.0	0.0	0.0	0.0	0.0	5.254621139969961e-08	2.1800335064624725e-09	3.3306738662562695e-08	2.0287128079216223e-09	2.216594343045996e-07	6.877239648077346e-09
1.29	2.6626872050282063e-09	3.902532721150862e-10	1.763490574059918e-09	1.2945723838692384e-10	1.0307259315613862e-07	3.87830290301185e-09	1.4104606904388529e-08	4.739392244354338e-10	0.0	0.0	0.0	0.0	0.0	0.0	4.69788162893694e-08	1.5929963184628452e-09	2.958542819144752e-08	1.5991508699773036e-09	1.981676223204322e-07	6.130044008067802e-09
1.31	2.333381021892668e-09	3.304641146241066e-10	1.4734741459537083e-09	1.3416476624829088e-10	9.118681839555313e-08	3.346665530076458e-09	1.2450414084168885e-08	5.061049527040332e-10	0.0	0.0	0.0	0.0	0.0	0.0	4.236405965513995e-08	1.6169553216082025e-09	2.693044569372277e-08	1.537092549342804e-09	1.7673859299643114e-07	5.797348206042672e-09
1.33	2.055534282625183e-09	2.4689001571684684e-10	1.3009648052344815e-09	1.0522697263577729e-10	8.130876987246347e-08	3.101596531636995e-09	1.0996912670127521e-08	4.648661609872744e-10	0.0	0.0	0.0	0.0	0.0	0.0	3.8163798423689604e-08	1.3624867843518504e-09	2.379713009338073e-08	1.6951023876488383e-09	1.5762311014752096e-07	5.265179404073162e-09
1.35	1.7493013383685683e-09	2.3662516626068727e-10	1.1256055057109596e-09	1.0418422554560127e-10	7.228472831809808e-08	2.8743462827503003e-09	9.689162470788804e-09	4.006376541304466e-10	0.0	0.0	0.0	0.0	0.0	0.0	3.4077585128449806e-08	1.4365327122910133e-09	2.1228472764270028e-08	2.175156930856026e-09	1.4015485552568623e-07	4.895970569932446e-09
1.37	1.565233880986441e-09	2.670962088685048e-10	9.806521378513272e-10	7.809387707702614e-11	6.367143189403184e-08	2.8708633697432134e-09	8.496849942964024e-09	3.451425730353015e-10	0.0	0.0	0.0	0.0	0.0	0.0	3.054218242068011e-08	1.244764060476387e-09	1.8662248961836714e-08	1.136568862546564e-09	1.2391859923835045e-07	4.364719920694288e-09
1.3900000000000001	1.3260814199492987e-09	2.076262679589582e-10	8.430090425045496e-10	8.962304613024943e-11	5.6498848152834985e-08	2.2611131545956447e-09	7.61344758915102e-09	3.6628863348190293e-10	0.0	0.0	0.0	0.0	0.0	0.0	2.7651193746390245e-08	1.3034024125211384e-09	1.652365050638595e-08	1.1969557579978754e-09	1.1045623045721608e-07	3.641637131138942e-09
1.4100000000000001	1.162611363093949e-09	2.055675953181581e-10	7.108085437511944e-10	6.932846034324141e-11	5.010757140035718e-08	1.7546254916042317e-09	6.731512604323845e-09	2.6817343383347884e-10	0.0	0.0	0.0	0.0	0.0	0.0	2.471683566855646e-08	1.0695132570452618e-09	1.4929284916553453e-08	1.0692676487278041e-09	9.835862449663609e-08	3.1915814018193774e-09
1.43	1.0274043640466089e-09	2.2119388868933666e-10	6.163921374512862e-10	5.890961452175237e-11	4.4322951001529854e-08	1.8625611744325444e-09	5.969903566312229e-09	3.4629641552881433e-10	0.0	0.0	0.0	0.0	0.0	0.0	2.2229921535842425e-08	1.102892860668852e-09	1.33834540356418e-08	8.477099658265734e-10	8.755002664082421e-08	3.232527267696553e-09
1.45	8.854574310471338e-10	1.8080266447772252e-10	5.324991631332222e-10	4.437891025478966e-11	3.9029449275001594e-08	1.9023591055990273e-09	5.2478019837463375e-09	2.260062005270234e-10	0.0	0.0	0.0	0.0	0.0	0.0	1.981315514292108e-08	1.1037763059609428e-09	1.1596522218933704e-08	1.0082950122731221e-09	7.710488521478308e-08	3.0419687955458363e-09
1.47	7.276967815675352e-10	1.4310278731649573e-10	4.5032388654049624e-10	6.203798749424831e-11	3.4679212157673016e-08	1.7518853914041163e-09	4.610594016121426e-09	3.0369107132430724e-10	0.0	0.0	0.0	0.0	0.0	0.0	1.7910470674153172e-08	1.0080544734050486e-09	1.0679063139909699e-08	1.0375337677519143e-09	6.905736065596533e-08	2.7100689072360883e-09
1.49	6.283503650353866e-10	1.3919552963771595e-10	3.8464760217552246e-10	4.542963462003563e-11	3.069757266185975e-08	1.711157273886051e-09	4.034604889299525e-09	2.6086578829395173e-10	0.0	0.0	0.0	0.0	0.0	0.0	1.5860247000164298e-08	8.615689022317524e-10	9.485542792786518e-09	6.228803663734603e-10	6.1090965311321e-08	2.465766677831534e-09
1.51	5.723219808334385e-10	1.2201894918355442e-10	3.450839065138599e-10	6.144843306035702e-11	2.7114370286111562e-08	1.1995604700892852e-09	3.5505415011981356e-09	2.7464280435412883e-10	0.0	0.0	0.0	0.0	0.0	0.0	1.4154938408553911e-08	7.851368420885022e-10	8.426460757897208e-09	8.16496080628417e-10	5.4163716841108114e-08	2.2266981792885965e-09
1.53	4.859138107499187e-10	9.750248823695473e-11	3.0397740534424e-10	4.4240813771831015e-11	2.407176496406334e-08	1.1085047339485339e-09	3.0732112249866397e-09	1.7687912401265682e-10	0.0	0.0	0.0	0.0	0.0	0.0	1.2653316121997142e-08	7.140580011291365e-10	7.492256276522691e-09	8.938357391762207e-10	4.8080439803663976e-08	2.1479248381930726e-09
1.55	4.0446445079420107e-10	6.648127317596687e-11	2.636059915644309e-10	4.0873758144671545e-11	2.1182106558082396e-08	1.2270227988180377e-09	2.708569613231376e-09	1.6758253002929608e-10	0.0	0.0	0.0	0.0	0.0	0.0	1.1401557588714096e-08	6.965223141890575e-10	6.630530008920695e-09	5.894192090645897e-10	4.25908342113072e-08	1.98515206540917e-09
1.57	3.4786909843215895e-10	7.11870987081491e-11	2.311024299101175e-10	3.842281990242456e-11	1.8653308207149627e-08	8.988827305875178e-10	2.405665163065529e-09	1.4350177878314682e-10	0.0	0.0	0.0	0.0	0.0	0.0	1.0176797182302137e-08	4.70718106945907e-10	5.710256362535383e-09	3.8931052279259206e-10	3.7524998443394953e-08	1.3953800260300053e-09
1.59	3.1384644632703675e-10	8.945308264323263e-11	1.9784402350603858e-10	3.804443275721939e-11	1.64143181847585e-08	8.504768801491844e-10	2.0785507111943083e-09	1.1337112698191385e-10	0.0	0.0	0.0	0.0	0.0	0.0	9.081802225425503e-09	5.727716935145447e-10	5.148202043893235e-09	4.064560214556332e-10	3.3234563635104625e-08	1.3825677585388928e-09
1.61	2.568904722041845e-10	4.2670773717554334e-11	1.8006671016747567e-10	3.099341989873623e-11	1.4734022723221053e-08	7.990153532685843e-10	1.8308312691262537e-09	9.118413077565104e-11	0.0	0.0	0.0	0.0	0.0	0.0	8.235558172297172e-09	6.397212774672479e-10	4.5390851351631864e-09	4.757450371099899e-10	2.9776454482179322e-08	1.4877535194123117e-09
1.6300000000000001	2.373820060779936e-10	7.937401715542201e-11	1.486690055898735e-10	2.4069593428361224e-11	1.3135801331337975e-08	7.655006659121403e-10	1.6500067707960137e-09	9.933981636637168e-11	0.0	0.0	0.0	0.0	0.0	0.0	7.2448403453495535e-09	5.736466059473795e-10	4.088307313804247e-09	5.003665477959017e-10	2.6505006772955654e-08	1.5403261818032315e-09
1.6500000000000001	1.950328951799056e-10	6.721315379385495e-11	1.2458024759576566e-10	2.6021125558212262e-11	1.1466143526861863e-08	7.88297493657183e-10	1.4386460780031166e-09	1.16320823874332e-10	0.0	0.0	0.0	0.0	0.0	0.0	6.40937496729809e-09	3.2069112560117254e-10	3.681477738654556e-09	4.5154637302730694e-10	2.3315255453593296e-08	1.1278352143903286e-09
1.6700000000000002	1.767771337512255e-10	4.179590029854288e-11	1.1973381937310723e-10	2.7519233307940668e-11	1.0100792621123305e-08	6.626301317484873e-10	1.2407404690972989e-09	9.069803955481756e-11	0.0	0.0	0.0	0.0	0.0	0.0	5.6028689475631625e-09	3.862705383789743e-10	3.2570475640540444e-09	3.998256751097457e-10	2.049796055496215e-08	1.0426202703555816e-09
1.69	1.6376696503629236e-10	7.177115390124488e-11	9.765193577784153e-11	1.8992989802560516e-11	8.858006945219049e-09	6.912288119843605e-10	1.1203962130958209e-09	8.006461574853523e-11	0.0	0.0	0.0	0.0	0.0	0.0	5.037606098757148e-09	3.458277757019411e-10	2.76977527964898e-09	2.4891301283797897e-10	1.8047203437535125e-08	9.511497700131538e-10
1.71	1.3629557503622076e-10	4.09230836281592e-11	9.384731561536145e-11	2.740088430844466e-11	7.863426523198026e-09	5.313731006751244e-10	9.690396741896466e-10	8.164416269770751e-11	0.0	0.0	0.0	0.0	0.0	0.0	4.5012459067583815e-09	3.137516507781108e-10	2.464092615510163e-09	2.159833206136309e-10	1.6027947610307798e-08	8.317204919870324e-10
1.73	1.1460937542153664e-10	3.59516471250692e-11	7.742291397952703e-11	1.8631457521551082e-11	6.947209179179032e-09	5.30943316899721e-10	8.446050662453015e-10	4.5459439761640427e-11	0.0	0.0	0.0	0.0	0.0	0.0	4.078958211715756e-09	3.6925437217735213e-10	2.2270345589494144e-09	2.299263425086888e-10	1.4289839305490564e-08	6.906074429345885e-10
1.75	1.1029822299745324e-10	4.7915016055706504e-11	7.710442303175917e-11	2.957584888074453e-11	6.137538208966283e-09	5.251720702186931e-10	7.189253243258525e-10	5.82883732169461e-11	0.0	0.0	0.0	0.0	0.0	0.0	3.4822217691034076e-09	3.284278599374602e-10	1.977609434980384e-09	2.3250179079851558e-10	1.2503697383405139e-08	7.85217616313814e-10
1.77	8.31668497080524e-11	3.041741454492735e-11	6.126263080405927e-11	1.835112098970237e-11	5.475152217536076e-09	3.111905317069074e-10	6.444249889126318e-10	6.06580926733432e-11	0.0	0.0	0.0	0.0	0.0	0.0	3.1256334969677023e-09	2.4396865089186714e-10	1.7453611741129123e-09	1.9163094997306667e-10	1.1135001358041436e-08	4.926623940413212e-10
1.79	8.520296079270511e-11	3.7852350143280694e-11	5.673744842692486e-11	2.141886531587367e-11	4.78586197011522e-09	3.4516805151498295e-10	5.67880340660042e-10	4.444560643740168e-11	0.0	0.0	0.0	0.0	0.0	0.0	2.7931519569194864e-09	2.2965561487549176e-10	1.5358794116671655e-09	1.3538324016738978e-10	9.824714088581548e-09	5.75717345888055e-10
1.81	6.669598537270506e-11	2.6264546178990555e-11	4.671540973308148e-11	1.4392524656491518e-11	4.213613688825775e-09	3.5617756687470406e-10	5.174348864511141e-10	3.897176403031275e-11	0.0	0.0	0.0	0.0	0.0	0.0	2.5110211177463856e-09	2.1084276835090862e-10	1.3905095508483404e-09	1.5782660984949736e-10	8.745990638977402e-09	4.4429903652664097e-10
1.83	6.49897408724465e-11	3.6524282942492256e-11	4.240750550460076e-11	1.1754597815422533e-11	3.753932011342269e-09	3.6067607145477274e-10	4.3548264106141614e-10	3.846982182796249e-11	0.0	0.0	0.0	0.0	0.0	0.0	2.1955935605811738e-09	2.2520852804182793e-10	1.1895815162846448e-09	1.3651163112154007e-10	7.681986975646553e-09	5.191708791088291e-10
1.85	5.416077109843819e-11	2.8464439150564147e-11	3.421378753840068e-11	1.0377440678775793e-11	3.3820569391071216e-09	3.100773762020408e-10	3.949888356790749e-10	4.437996325325866e-11	0.0	0.0	0.0	0.0	0.0	0.0	1.8754987614941436e-09	1.9382334273246496e-10	1.0969486567885158e-09	1.5269845316771703e-10	6.837867751705694e-09	4.471080184606873e-10
1.87	3.7395614295244176e-11	1.3042841303490757e-11	2.728048431197337e-11	9.812842344744352e-12	2.889923394922351e-09	2.9847997881612996e-10	3.394476282234896e-10	3.097770238502544e-11	0.0	0.0	0.0	0.0	0.0	0.0	1.6792467992380372e-09	1.376209190093106e-10	1.00666686008934e-09	9.080053560028121e-11	5.979960781080434e-09	3.611540225415557e-10
1.8900000000000001	5.3618411412900876e-11	6.228069997916816e-11	2.9667801022865615e-11	1.4230124077980781e-11	2.5343391783807913e-09	2.1563739776561804e-10	2.9721097514673853e-10	2.926800160417582e-11	0.0	0.0	0.0	0.0	0.0	0.0	1.5430566243211567e-09	1.0645971642064462e-10	8.464706595357206e-10	1.1512112636540007e-10	5.304363649820173e-09	3.174927539738062e-10
1.9100000000000001	3.525712278432743e-11	2.3176532231958594e-11	2.1708320948538026e-11	8.042157134265938e-12	2.271045511120854e-09	2.1149690880144715e-10	2.6844238789109967e-10	2.748392818203789e-11	0.0	0.0	0.0	0.0	0.0	0.0	1.3249477063642002e-09	1.3120229466020525e-10	7.541827184396866e-10	7.52023827157547e-11	4.675583767548707e-09	2.2511593538937734e-10
1.93	2.921700867922851e-11	1.690126257256683e-11	1.943580892809369e-11	7.452607314224398e-12	1.9604806542802147e-09	2.050479334853531e-10	2.2868941187994265e-10	2.8352446899160326e-11	0.0	0.0	0.0	0.0	0.0	0.0	1.2137721903872902e-09	1.3605061103025838e-10	6.668303353573953e-10	9.746538893702611e-11	4.118425409512166e-09	2.416764515094591e-10
1.95	2.9073471693525554e-11	2.3643429470615476e-11	1.7548463261666617e-11	9.58031244884123e-12	1.7898355291723845e-09	2.033221685722294e-10	1.9596641436076656e-10	2.4841245971917542e-11	0.0	0.0	0.0	0.0	0.0	0.0	1.0552038194916046e-09	1.0636964724743704e-10	5.920291160381789e-10	7.99973764910262e-11	3.6796568140181263e-09	2.836906927920645e-10
1.97	1.7005412919606516e-11	1.0725431264707356e-11	1.6254813918073424e-11	7.324101637321886e-12	1.5824604876502548e-09	1.3196142205778894e-10	1.7615792516925335e-10	2.0073495317065e-11	0.0	0.0	0.0	0.0	0.0	0.0	9.217007959848433e-10	1.105318241592996e-10	5.228481137507691e-10	6.432090115283015e-11	3.236427549392801e-09	2.150874787584326e-10
1.99	1.9332911128415156e-11	1.1921970012881785e-11	1.4686143060851645e-11	7.091203978082077e-12	1.3436522316797679e-09	1.4425363868524357e-10	1.4877813925866154e-10	1.586284056896724e-11	0.0	0.0	0.0	0.0	0.0	0.0	8.475180930210632e-10	8.128501907549812e-11	4.703918475955361e-10	6.931723740012154e-11	2.8443593657442953e-09	1.4367288588338517e-10
2.01	1.37980493638486e-11	1.3167773415954757e-11	9.950543269166333e-12	4.778930804137735e-12	1.171087375266887e-09	1.0393590157074433e-10	1.3951731608150756e-10	2.8447912129233557e-11	0.0	0.0	0.0	0.0	0.0	0.0	7.630360221057236e-10	1.0780812128960366e-10	4.5405676468139106e-10	8.4702648827708e-11	2.551446070768524e-09	2.1341356403161157e-10
2.03	2.0663007033497102e-11	3.546863891169966e-11	8.890438199283635e-12	7.231987203858916e-12	1.0661418954222245e-09	1.184677452056841e-10	1.1915008388309153e-10	1.7636199765076632e-11	0.0	0.0	0.0	0.0	0.0	0.0	6.738915023907311e-10	6.714783053300254e-11	3.7581390517776855e-10	5.7393334713902875e-11	2.264550832106596e-09	1.7050508495807555e-10
2.05	1.390686663156682e-11	2.3033503430502333e-11	6.8251856973662055e-12	3.754718026772512e-12	9.52490916819455e-10	1.1577045630024929e-10	1.082149325021371e-10	1.547018130610814e-11	0.0	0.0	0.0	0.0	0.0	0.0	5.726562598919112e-10	6.340310729275022e-11	3.5755232146350296e-10	8.144662470920238e-11	2.01164648300594e-09	1.8846514309159342e-10
2.07	1.3248831370630856e-11	1.3008276120614715e-11	6.36703171937296e-12	4.5467095776689074e-12	8.180249726597744e-10	9.206919997183243e-11	9.027319421545375e-11	1.4582094986920298e-11	0.0	0.0	0.0	0.0	0.0	0.0	5.07398118484851e-10	8.264221342662397e-11	2.941964018845019e-10	6.2416877415393e-11	1.7295085503345845e-09	1.3129854228522467e-10
2.09	9.746506195779984e-12	1.1909584377270486e-11	5.603230921133138e-12	4.449848198524438e-12	7.460231137673577e-10	9.283372821013173e-11	8.149576367861289e-11	1.7114707450690025e-11	0.0	0.0	0.0	0.0	0.0	0.0	4.649061577767252e-10	7.993391382414262e-11	2.6881225648321615e-10	6.100948692836042e-11	1.5765870288228248e-09	9.508532103818439e-11
2.11	7.262279189062525e-12	4.880997411751114e-12	5.434041569832534e-12	4.8238624824242645e-12	6.525502610536411e-10	1.0168714204256273e-10	7.016436616267687e-11	1.6544846394344655e-11	0.0	0.0	0.0	0.0	0.0	0.0	4.4878829578869563e-10	6.9481547598912e-11	2.4426640809746925e-10	5.3910842578660394e-11	1.4284656518613776e-09	1.524311504778476e-10
2.13	6.629197979433736e-12	6.8217381355917405e-12	5.445050188396081e-12	3.720948332019614e-12	5.421290829058054e-10	6.864423566328654e-11	6.226319410351508e-11	1.3388300913356532e-11	0.0	0.0	0.0	0.0	0.0	0.0	3.572289159833968e-10	7.208581170863828e-11	1.9831067944936716e-10	5.17358095468025e-11	1.172006120609914e-09	1.0955866262097176e-10
2.15	4.043397241348946e-12	4.610586629173179e-12	4.116893821121445e-12	3.9995562937620935e-12	5.067817720513639e-10	8.509861235084963e-11	5.3347202710938494e-11	1.1232441227044349e-11	0.0	0.0	0.0	0.0	0.0	0.0	3.1674819272566493e-10	7.87002331529905e-11	1.8157104123164909e-10	5.042572826135004e-11	1.066608499782087e-09	1.34545235859337e-10
2.17	4.9749463142421056e-12	6.0815984864927095e-12	3.686172860748586e-12	3.070196353271342e-12	4.3385679578802135e-10	5.905194886889517e-11	4.337066652807837e-11	8.246821820428584e-12	0.0	0.0	0.0	0.0	0.0	0.0	2.8298895093968064e-10	4.833678443937961e-11	1.4849678380819352e-10	4.285485350918878e-11	9.173743162389647e-10	8.165198338170451e-11
2.19	3.6834351428930495e-12	3.4545458690246784e-12	4.170096829654851e-12	3.9034989438272764e-12	3.7562262135403777e-10	6.537978424162307e-11	4.1451826499713576e-11	9.231496203748658e-12	0.0	0.0	0.0	0.0	0.0	0.0	2.529790521465084e-10	3.9677449238388625e-11	1.2827132481724284e-10	3.334363826319174e-11	8.061783567900507e-10	9.398896309842647e-11
2.21	2.8281908159451616e-12	4.659752146683078e-12	3.682981955945917e-12	4.573762664392481e-12	3.3101460638775426e-10	5.952935045314144e-11	3.500255569417782e-11	7.783901284878015e-12	0.0	0.0	0.0	0.0	0.0	0.0	2.433363843603755e-10	4.121219765044457e-11	1.1767282424821102e-10	2.859841892033581e-11	7.335375434624096e-10	7.044117495277418e-11
2.23	1.7113687026533077e-12	1.6647587908065046e-12	1.863418811537957e-12	1.476985391593698e-12	2.9580291991267747e-10	5.147891601552111e-11	3.1594711794023895e-11	7.516216411438588e-12	0.0	0.0	0.0	0.0	0.0	0.0	2.1920956814731934e-10	5.691513069855017e-11	1.0794527506906359e-10	3.471897514651247e-11	6.581272624372754e-10	8.729784801878421e-11
2.25	1.7730575382247992e-12	2.7139325291843608e-12	2.7556256315268774e-12	3.2273525952130935e-12	2.654113072842776e-10	5.713543247286142e-11	2.7499940147208234e-11	6.95400536066557e-12	0.0	0.0	0.0	0.0	0.0	0.0	1.8962936984186657e-10	4.684934141745787e-11	9.851765727110356e-11	3.247893138059944e-11	5.855869577142077e-10	9.214198582820579e-11
2.27	2.378028211080474e-12	4.368240647033375e-12	2.1873653077593115e-12	2.8166645394301997e-12	2.2542791105585155e-10	4.558867605777928e-11	2.250283533824658e-11	6.2713331656799706e-12	0.0	0.0	0.0	0.0	0.0	0.0	1.673037211834744e-10	3.6753955013925894e-11	8.355052799918606e-11	4.192067241498154e-11	5.033503890955983e-10	7.181671156893124e-11
2.29	1.2455065180429989e-12	1.870407752565619e-12	2.3464553078302373e-12	2.8648531830911844e-12	2.0327265066834656e-10	4.949586934237709e-11	2.1226179159533997e-11	5.507011981000184e-12	0.0	0.0	0.0	0.0	0.0	0.0	1.4528063347056427e-10	3.334886743550879e-11	8.21008297443718e-11	3.77075032185413e-11	4.5547225486868983e-10	7.323719313542566e-11
2.31	9.306805744053993e-13	1.5156088124913257e-12	1.5599872959244663e-12	2.5612908819372746e-12	1.9486851853591766e-10	4.150221636236164e-11	1.867230367200698e-11	5.408754743776557e-12	0.0	0.0	0.0	0.0	0.0	0.0	1.317115049480261e-10	2.9807819951846566e-11	6.889017035943698e-11	2.9808134548828656e-11	4.166331653857176e-10	6.185549964265833e-11
2.3299999999999996	2.3573050420874437e-12	6.4203371712342446e-12	1.1021290193999682e-12	1.5812982002541677e-12	1.599531088669219e-10	4.794248372927204e-11	1.7160856055317188e-11	4.5908756897747465e-12	0.0	0.0	0.0	0.0	0.0	0.0	1.200409300616258e-10	2.7089259308682135e-11	6.136499918055926e-11	2.2342275027490464e-11	3.6197932822591145e-10	6.164585960699595e-11
2.3499999999999996	1.439970326116814e-12	2.8553819833266325e-12	1.6911409096487623e-12	3.882715794358429e-12	1.2703897938556141e-10	4.404943325195128e-11	1.474143057751116e-11	5.213720030521819e-12	0.0	0.0	0.0	0.0	0.0	0.0	1.0522705843538658e-10	3.0610998082171346e-11	5.0902785720499425e-11	2.3138917377070507e-11	3.0104136535472416e-10	7.468610187637747e-11
2.3699999999999997	6.431154688510695e-13	1.5878474006652015e-12	1.1871602064731696e-12	1.3971861555468571e-12	1.2506943350489493e-10	3.722543781469979e-11	1.273985360431475e-11	4.474546669685045e-12	0.0	0.0	0.0	0.0	0.0	0.0	9.475666660373066e-11	2.881595771195282e-11	5.1645084064207985e-11	2.948285399551093e-11	2.8604131345247266e-10	6.13628820588577e-11
2.3899999999999997	4.1667582596133484e-13	8.445015036564348e-13	1.0535506180151205e-12	1.3200800004660853e-12	1.1098108253476878e-10	3.709561786049278e-11	1.174691769466615e-11	4.779760906428437e-12	0.0	0.0	0.0	0.0	0.0	0.0	8.251780538357022e-11	1.3321146229548271e-11	4.704743752223271e-11	1.8195018542197316e-11	2.537634695792143e-10	4.311301333923616e-11
2.4099999999999997	7.331469631180063e-13	2.0504537966069974e-12	1.3009223909921744e-12	1.8786399963910366e-12	9.298815612699217e-11	2.860659170052498e-11	9.643609371706101e-12	3.894728778516906e-12	0.0	0.0	0.0	0.0	0.0	0.0	6.514045985551455e-11	1.6167503417036267e-11	3.759874623952854e-11	1.515742156731775e-11	2.0740504094785157e-10	3.83888609259543e-11
2.4299999999999997	9.83192560126977e-13	3.7811074767575706e-12	6.251742332441649e-13	1.0397278999628506e-12	8.67958818051027e-11	2.51472309806411e-11	8.903111259230771e-12	3.922223931277642e-12	0.0	0.0	0.0	0.0	0.0	0.0	5.975629093675261e-11	2.704634160844658e-11	3.066179515828576e-11	1.5984564444288653e-11	1.87725445952743e-10	4.0577650951980774e-11
2.4499999999999997	6.364487379093915e-13	1.9013166123128624e-12	6.972482969032545e-13	1.6142328589922812e-12	6.960638592149641e-11	2.4771722385471026e-11	8.329568595001915e-12	3.788929386959739e-12	0.0	0.0	0.0	0.0	0.0	0.0	5.080536986548062e-11	1.894098004977854e-11	3.0938517676546844e-11	1.473023419302177e-11	1.6101353909333844e-10	3.3414520035878445e-11
2.4699999999999998	7.427947409619848e-13	2.0235847805500278e-12	1.3735077438249196e-12	4.108136801083368e-12	7.27794810354164e-11	1.74914432085787e-11	7.215009441109604e-12	4.306215351283775e-12	0.0	0.0	0.0	0.0	0.0	0.0	5.2162436830850026e-11	3.285968772531909e-11	2.7178347617839167e-11	1.5571675807839997e-11	1.6145157741000212e-10	4.837710845344257e-11
2.4899999999999998	1.8340490944874374e-13	3.7176693075797595e-13	6.181914565911742e-13	1.1962800593534852e-12	6.54752402610767e-11	2.2511454467139864e-11	4.943110564113604e-12	1.989027036354726e-12	0.0	0.0	0.0	0.0	0.0	0.0	3.2741935450148833e-11	1.9863842267018546e-11	2.4512849737270262e-11	1.884337537217435e-11	1.2847473237864933e-10	3.875129678786269e-11
2.51	4.2346956686261746e-13	8.084249896073602e-13	1.0774497361225317e-12	2.9667755986732353e-12	5.4825250994747285e-11	2.172121182405508e-11	4.97812786161408e-12	2.61241612227831e-12	0.0	0.0	0.0	0.0	0.0	0.0	3.6199449057072994e-11	1.2154186349860212e-11	2.203562836325794e-11	1.5418930514590668e-11	1.1953937557967744e-10	2.5924552053715015e-11
2.53	1.6415545986856612e-13	4.572906064851826e-13	3.116492897441823e-13	7.288615277752609e-13	4.661250670078839e-11	2.235283504025739e-11	4.090325419642571e-12	2.5415145402700735e-12	0.0	0.0	0.0	0.0	0.0	0.0	2.855186782370959e-11	1.319402792573874e-11	1.9163140284289735e-11	1.051392501075709e-11	9.889364497804303e-11	2.5002741152899454e-11
2.55	3.1346940988588014e-13	8.170744993890022e-13	1.843085779220482e-13	4.565702401117515e-13	4.2503046356211064e-11	1.517641530029147e-11	4.338534996795979e-12	2.7336626260555093e-12	0.0	0.0	0.0	0.0	0.0	0.0	2.7024822242723396e-11	1.3534902856886318e-11	1.6740058087620466e-11	1.0152562890617413e-11	9.110423967115885e-11	2.7533977114678924e-11
2.57	3.197526467435705e-14	1.3937694740848842e-13	1.732899163184462e-13	4.23484847387814e-13	3.644356695613004e-11	1.880402115651956e-11	3.213552448297649e-12	1.9344398731574696e-12	0.0	0.0	0.0	0.0	0.0	0.0	2.446042444932755e-11	1.1855591785696725e-11	1.9487896663113017e-11	1.5512213038792836e-11	8.381070569786105e-11	3.2485565009186844e-11
2.59	1.3254388979799481e-13	3.2735740591652676e-13	2.4421233707621177e-13	4.643081202540901e-13	3.7814658230063386e-11	2.3799544097770263e-11	3.5341646429145024e-12	3.0108462617387815e-12	0.0	0.0	0.0	0.0	0.0	0.0	1.8768485649069054e-11	1.153235756742436e-11	1.3810117648980003e-11	1.3923335304388637e-11	7.430418239790116e-11	3.6065733074882196e-11
2.61	2.821703081512782e-13	1.024464570116937e-12	4.017112357468227e-13	1.2848678814380034e-12	3.130770001163295e-11	1.721897334649312e-11	2.627018703588405e-12	2.064982885804455e-12	0.0	0.0	0.0	0.0	0.0	0.0	2.177664113604176e-11	1.2557110081249142e-11	1.0487039101753795e-11	9.599700459668584e-12	6.6882280496915e-11	2.749913360107074e-11
2.63	5.134617438367938e-14	2.2381278527587532e-13	2.222073596205155e-13	4.230983815679541e-13	2.6043588636820182e-11	1.7098727018288514e-11	2.195445473507248e-12	1.7853913838585584e-12	0.0	0.0	0.0	0.0	0.0	0.0	1.709261019350615e-11	1.4181661122391116e-11	1.3675769853560785e-11	1.419987389001868e-11	5.928096769139858e-11	2.958945210261532e-11
2.65	0.0	0.0	2.121105263586559e-13	4.643793765772384e-13	1.9670591728388746e-11	9.790818478788742e-12	1.6314500569993674e-12	1.7867589134914702e-12	0.0	0.0	0.0	0.0	0.0	0.0	1.2262295342501758e-11	7.314189021718719e-12	1.1048406703123605e-11	1.2496904653833821e-11	4.4824854357372137e-11	2.073494663630201e-11
2.67	1.0025544600734305e-13	4.3700335768560676e-13	1.4021735247939434e-13	4.113234755103067e-13	2.1565456084709166e-11	1.4490328642778355e-11	1.1896815503175222e-12	1.172968139714061e-12	0.0	0.0	0.0	0.0	0.0	0.0	1.2793933612508342e-11	8.639072945012224e-12	6.590360673663908e-12	6.847141325770655e-12	4.2379904719685684e-11	2.1366243016095544e-11
2.69	1.0415906836888326e-13	4.5401885307330567e-13	8.103489504393871e-14	2.688833927069361e-13	1.628415451780901e-11	1.0726711250454518e-11	1.5241678816712883e-12	1.8174698507825468e-12	0.0	0.0	0.0	0.0	0.0	0.0	9.650451531776852e-12	9.099527669662637e-12	6.2091305831274164e-12	6.466728776883246e-12	3.385309847779739e-11	2.0518291767506662e-11
2.71	0.0	0.0	2.0830063421610824e-13	5.303908577410771e-13	1.3692676332252874e-11	1.0106403248737717e-11	1.129563965685913e-12	1.4935370169669623e-12	0.0	0.0	0.0	0.0	0.0	0.0	6.15451332390318e-12	4.984277370763223e-12	5.249341533698724e-12	6.410972920104523e-12	2.6434395789756797e-11	1.5111480320018745e-11
2.73	0.0	0.0	1.1444693639842916e-13	3.9358765394603734e-13	1.0328172784462105e-11	8.32553962819855e-12	8.388722649292667e-13	7.671242476777036e-13	0.0	0.0	0.0	0.0	0.0	0.0	9.630414167194644e-12	8.36069455036572e-12	5.712069860219265e-12	7.9094960422272e-12	2.662397601320371e-11	1.7647839067276585e-11
2.75	0.0	0.0	9.295408246504278e-14	3.611386105545548e-13	9.200145047709455e-12	7.365017227721138e-12	1.0971955246880524e-12	1.512605884465944e-12	0.0	0.0	0.0	0.0	0.0	0.0	6.1817629033048674e-12	7.16425669049471e-12	5.4439707901915604e-12	6.759959579643945e-12	2.201602834835898e-11	1.3743984172150567e-11
2.77	0.0	0.0	1.4079761861538474e-13	3.932537537218392e-13	7.78776745695154e-12	6.084083468587044e-12	9.971236357626289e-13	1.5570210780657006e-12	0.0	0.0	0.0	0.0	0.0	0.0	4.684272524553737e-12	6.210711738927629e-12	5.462515789625719e-12	9.353436571958088e-12	1.9072477025509013e-11	1.3587191666577114e-11
2.79	0.0	0.0	2.5834936065306995e-14	1.0369173485683286e-13	6.096258232969642e-12	4.490122494542783e-12	8.659104846932638e-13	1.0797980611593502e-12	0.0	0.0	0.0	0.0	0.0	0.0	6.098228732149761e-12	6.622798639437327e-12	4.771991625330982e-12	7.874917651432636e-12	1.785822401120896e-11	1.4250361228009824e-11
2.81	0.0	0.0	1.5397152256056346e-13	4.699270414223589e-13	7.680336768747693e-12	8.356195966213102e-12	7.470426104404917e-13	1.4197581588852946e-12	0.0	0.0	0.0	0.0	0.0	0.0	5.594870138509222e-12	5.06022158352779e-12	2.4640532569165903e-12	3.661157696072693e-12	1.664027429717456e-11	1.2549076938198656e-11
2.8299999999999996	0.0	0.0	1.8099323934205541e-13	7.889312397560896e-13	6.7163351754181476e-12	6.412418352412789e-12	7.100843983305139e-13	1.8250257170428213e-12	0.0	0.0	0.0	0.0	0.0	0.0	3.809865446170656e-12	4.520780319030234e-12	2.883431759739636e-12	4.0733691628128725e-12	1.4300710019001009e-11	9.767740548846372e-12
2.8499999999999996	0.0	0.0	1.9622344999522013e-13	7.739953416133415e-13	5.8726027365016384e-12	5.82064072664581e-12	4.254777569117573e-13	5.128265961700779e-13	0.0	0.0	0.0	0.0	0.0	0.0	2.0926877887754446e-12	2.4184513851160474e-12	2.1169662652177636e-12	4.684873720609148e-12	1.0703957997401825e-11	1.0500677463253929e-11
2.8699999999999997	0.0	0.0	7.849094178553338e-14	3.4213408322647397e-13	4.4636287824765165e-12	5.352488594385119e-12	5.308018939134778e-13	9.436655023742804e-13	0.0	0.0	0.0	0.0	0.0	0.0	2.83795811705095e-12	4.36343134270813e-12	2.20722390873939e-12	4.901539838430326e-12	1.0118103643965868e-11	8.346547372120791e-12
2.8899999999999997	0.0	0.0	2.0022514433814603e-13	7.542994927226298e-13	4.588930588383736e-12	3.772814048559044e-12	4.1888178999627387e-13	1.1059437368147965e-12	0.0	0.0	0.0	0.0	0.0	0.0	1.2603774659868515e-12	2.1406836631445476e-12	1.078449232258921e-12	3.1390466625544394e-12	7.546864220963928e-12	5.416256425948387e-12
2.9099999999999997	0.0	0.0	1.75114639442756e-13	7.63307016865535e-13	5.33463881534455e-12	6.512782627222137e-12	5.172661000271882e-13	1.038492729619787e-12	0.0	0.0	0.0	0.0	0.0	0.0	3.0251431767632332e-12	4.3354899522184165e-12	1.093967619854104e-12	2.4062606732696374e-12	1.0146130351431831e-11	8.93658937909297e-12
2.9299999999999997	0.0	0.0	8.399613001121646e-14	3.661306423673965e-13	3.717821687931288e-12	4.773916373509327e-12	1.8316502472242176e-13	3.937107438841015e-13	0.0	0.0	0.0	0.0	0.0	0.0	2.0724820516045022e-12	3.453305103243723e-12	1.1731839439186006e-12	2.449585112743385e-12	7.230648838188028e-12	6.6919880921162334e-12
2.9499999999999997	0.0	0.0	0.0	0.0	4.373944958372004e-12	6.977206112731978e-12	1.9488768363894013e-13	5.928759574271847e-13	0.0	0.0	0.0	0.0	0.0	0.0	1.9059140243085237e-12	2.4600613290779635e-12	6.346776598989192e-13	1.3640943189905005e-12	7.109424326218388e-12	8.233633386710803e-12
2.9699999999999998	0.0	0.0	0.0	0.0	2.373849424495796e-12	3.937539466234168e-12	2.707972225219705e-13	5.755590730378447e-13	0.0	0.0	0.0	0.0	0.0	0.0	1.5982103884803964e-12	3.6036271682631984e-12	6.297165250588081e-13	1.6675274037223915e-12	4.87257356055697e-12	6.865373995297541e-12
2.9899999999999998	0.0	0.0	0.0	0.0	1.4317802758221482e-12	2.0592217127641307e-12	1.6845010229675498e-13	3.8005244293163204e-13	0.0	0.0	0.0	0.0	0.0	0.0	2.2063664742127195e-12	5.580777838664441e-12	8.268138647500478e-13	1.5700346225972069e-12	4.633410717081671e-12	5.928938013708755e-12
3.01	0.0	0.0	0.0	0.0	2.9581464499351946e-12	5.128321763038925e-12	1.0669328317232237e-13	2.4321707626118247e-13	0.0	0.0	0.0	0.0	0.0	0.0	1.1142103885125302e-12	2.3773489898758905e-12	5.092664216998293e-13	1.3177133555932377e-12	4.688316543319876e-12	6.462060116144972e-12
3.03	0.0	0.0	0.0	0.0	2.328478289431315e-12	3.4438253601726648e-12	9.810860593450667e-14	2.000782542078192e-13	0.0	0.0	0.0	0.0	0.0	0.0	7.556779891031556e-13	1.824340093247971e-12	7.614314431384207e-13	1.9044847735895233e-12	3.943696327607397e-12	3.854727040698722e-12
3.05	0.0	0.0	0.0	0.0	2.0855866669965262e-12	3.821073174224919e-12	5.2520593637910447e-14	1.3034558484884264e-13	0.0	0.0	0.0	0.0	0.0	0.0	4.936618455901705e-13	1.1722264833143523e-12	5.687586480788933e-13	1.342267864415073e-12	3.2005277543035015e-12	4.569922148855112e-12
3.07	0.0	0.0	0.0	0.0	1.2742214141356016e-12	2.0760939560008118e-12	8.582212478935024e-14	1.966155640668506e-13	0.0	0.0	0.0	0.0	0.0	0.0	9.978575432776318e-13	1.7702385615250436e-12	2.0370421183723417e-13	6.847138223024181e-13	2.5616052940398177e-12	3.0815716113678954e-12
3.09	0.0	0.0	0.0	0.0	1.0500829229341483e-12	1.9705612296319646e-12	6.806211660717728e-14	1.612301370348979e-13	0.0	0.0	0.0	0.0	0.0	0.0	4.1051120596926066e-13	1.0994912301365718e-12	6.42954174480424e-13	1.7821833682188369e-12	2.1716104199910107e-12	2.938735131096212e-12
3.11	0.0	0.0	0.0	0.0	3.7874573296165407e-13	1.1087597755399394e-12	1.2801165091041674e-13	2.155173348797574e-13	0.0	0.0	0.0	0.0	0.0	0.0	8.274037890978632e-13	2.2397852442438858e-12	2.1665015726746803e-13	7.326290560928525e-13	1.5508113302374018e-12	2.6695934680003954e-12
3.13	0.0	0.0	0.0	0.0	2.1419549923691618e-13	5.105128267990388e-13	6.603088286021882e-14	1.2973150547134898e-13	0.0	0.0	0.0	0.0	0.0	0.0	4.668743267206732e-13	1.835195097327253e-12	9.567105033751743e-14	4.1702044024363124e-13	8.427717591553257e-13	2.0212513703710917e-12
3.15	0.0	0.0	0.0	0.0	6.409121192603684e-13	1.400211461120068e-12	2.8369915565431048e-14	7.974151396506072e-14	0.0	0.0	0.0	0.0	0.0	0.0	0.0	0.0	0.0	0.0	6.692820348257994e-13	1.3894551448265172e-12
3.17	0.0	0.0	0.0	0.0	6.924031983189107e-13	1.5390369919781124e-12	7.501733754548488e-14	1.5247286249545143e-13	0.0	0.0	0.0	0.0	0.0	0.0	2.520313401611014e-13	7.646838342806538e-13	0.0	0.0	1.019451876025497e-12	1.847276397115656e-12
3.19	0.0	0.0	0.0	0.0	2.9985959835164504e-13	1.063132715512115e-12	2.5622306899150744e-14	8.338867852687003e-14	0.0	0.0	0.0	0.0	0.0	0.0	2.366562193819161e-13	7.099987752291686e-13	1.8711607452899248e-13	8.156200595839034e-13	7.492541991617045e-13	1.388073558142172e-12
3.21	0.0	0.0	0.0	0.0	3.4006435046574454e-13	8.886308378627193e-13	1.6631346066455484e-14	4.3587605598231805e-14	0.0	0.0	0.0	0.0	0.0	0.0	3.253384919246096e-13	8.279120016391106e-13	9.840405642466353e-14	4.2893333758958257e-13	7.804382448814731e-13	1.3868678862201647e-12
3.23	0.0	0.0	0.0	0.0	4.0002242607108533e-13	1.4897880419499253e-12	6.930086185583525e-14	1.4925919150164785e-13	0.0	0.0	0.0	0.0	0.0	0.0	2.1245063774340563e-13	6.589751493156539e-13	0.0	0.0	6.817739256703262e-13	1.555999711493456e-12
3.25	0.0	0.0	0.0	0.0	2.2499492546990927e-13	5.38392511427974e-13	2.987372363028022e-14	1.012434811253912e-13	0.0	0.0	0.0	0.0	0.0	0.0	2.8442520288362193e-13	8.71410806619669e-13	9.631550231435079e-14	4.1982954128461285e-13	6.356093542981623e-13	1.3289890416383612e-12
3.27	0.0	0.0	0.0	0.0	7.431117911097522e-14	3.239149201200916e-13	8.904701471471036e-15	3.030126455477909e-14	0.0	0.0	0.0	0.0	0.0	0.0	1.9467360113380491e-13	5.958008788514608e-13	9.476457658965222e-14	4.130692127817143e-13	3.7265405830590344e-13	9.092497647530061e-13
3.29	0.0	0.0	0.0	0.0	0.0	0.0	1.136538466399758e-14	4.9540563204832425e-14	0.0	0.0	0.0	0.0	0.0	0.0	2.955000075866955e-13	9.072407995410355e-13	0.0	0.0	3.068653922506931e-13	9.048884976866681e-13
3.31	0.0	0.0	0.0	0.0	0.0	0.0	3.3031418246840916e-14	1.104244774071731e-13	0.0	0.0	0.0	0.0	0.0	0.0	4.2350445844056896e-14	1.8460131364813612e-13	8.683396226749938e-14	3.785004663912537e-13	1.6221582635839715e-13	4.167068643617301e-13
3.33	0.0	0.0	0.0	0.0	1.8230794291042577e-13	7.94661899751328e-13	0.0	0.0	0.0	0.0	0.0	0.0	0.0	0.0	1.2272636288102587e-13	3.697616211393207e-13	9.109235396970548e-14	3.9706236548318233e-13	3.961266597611571e-13	9.085973508873532e-13
3.3499999999999996	0.0	0.0	0.0	0.0	1.2556061167640803e-13	5.473060175866158e-13	5.716334549685992e-14	2.1010646215128044e-13	0.0	0.0	0.0	0.0	0.0	0.0	1.145376276365424e-13	3.45398089922685e-13	0.0	0.0	2.972615848098104e-13	6.377899156151669e-13
3.3699999999999997	0.0	0.0	0.0	0.0	7.881073610049239e-14	3.435280343280993e-13	0.0	0.0	0.0	0.0	0.0	0.0	0.0	0.0	5.942470262869979e-14	2.590262735084583e-13	0.0	0.0	1.3823543872919217e-13	4.1921296690771023e-13
3.3899999999999997	0.0	0.0	0.0	0.0	0.0	0.0	8.809918052055232e-15	3.840154248978346e-14	0.0	0.0	0.0	0.0	0.0	0.0	1.0096924793541692e-13	4.401147481557851e-13	0.0	0.0	1.0977916598747214e-13	4.397688124567811e-13
3.4099999999999997	0.0	0.0	0.0	0.0	0.0	0.0	0.0	0.0	0.0	0.0	0.0	0.0	0.0	0.0	4.32022050933909e-14	1.8831404614020908e-13	0.0	0.0	4.32022050933909e-14	1.8831404614020908e-13
3.4299999999999997	0.0	0.0	0.0	0.0	0.0	0.0	0.0	0.0	0.0	0.0	0.0	0.0	0.0	0.0	1.0610292379581796e-13	4.624919224401675e-13	0.0	0.0	1.0610292379581796e-13	4.624919224401675e-13
3.4499999999999997	0.0	0.0	0.0	0.0	8.935179059838054e-14	3.8947542564274827e-13	0.0	0.0	0.0	0.0	0.0	0.0	0.0	0.0	4.724911661289506e-14	2.0595412448717834e-13	0.0	0.0	1.366009072112756e-13	4.3088817833142347e-13
3.4699999999999998	0.0	0.0	0.0	0.0	0.0	0.0	0.0	0.0	0.0	0.0	0.0	0.0	0.0	0.0	5.627769061068085e-14	2.4530876614780565e-13	0.0	0.0	5.627769061068085e-14	2.4530876614780565e-13
3.4899999999999998	0.0	0.0	0.0	0.0	0.0	0.0	0.0	0.0	0.0	0.0	0.0	0.0	0.0	0.0	1.1002898897243212e-13	4.796052437907828e-13	0.0	0.0	1.1002898897243212e-13	4.796052437907828e-13
3.51	0.0	0.0	0.0	0.0	0.0	0.0	0.0	0.0	0.0	0.0	0.0	0.0	0.0	0.0	0.0	0.0	0.0	0.0	0.0	0.0
3.53	0.0	0.0	0.0	0.0	0.0	0.0	0.0	0.0	0.0	0.0	0.0	0.0	0.0	0.0	0.0	0.0	0.0	0.0	0.0	0.0
3.55	0.0	0.0	0.0	0.0	0.0	0.0	0.0	0.0	0.0	0.0	0.0	0.0	0.0	0.0	0.0	0.0	0.0	0.0	0.0	0.0
3.57	0.0	0.0	0.0	0.0	0.0	0.0	0.0	0.0	0.0	0.0	0.0	0.0	0.0	0.0	0.0	0.0	0.0	0.0	0.0	0.0
3.59	0.0	0.0	0.0	0.0	0.0	0.0	0.0	0.0	0.0	0.0	0.0	0.0	0.0	0.0	0.0	0.0	0.0	0.0	0.0	0.0
3.61	0.0	0.0	0.0	0.0	0.0	0.0	0.0	0.0	0.0	0.0	0.0	0.0	0.0	0.0	0.0	0.0	0.0	0.0	0.0	0.0
3.63	0.0	0.0	0.0	0.0	0.0	0.0	0.0	0.0	0.0	0.0	0.0	0.0	0.0	0.0	0.0	0.0	0.0	0.0	0.0	0.0
3.65	0.0	0.0	0.0	0.0	0.0	0.0	0.0	0.0	0.0	0.0	0.0	0.0	0.0	0.0	0.0	0.0	0.0	0.0	0.0	0.0
3.67	0.0	0.0	0.0	0.0	0.0	0.0	0.0	0.0	0.0	0.0	0.0	0.0	0.0	0.0	0.0	0.0	0.0	0.0	0.0	0.0
3.69	0.0	0.0	0.0	0.0	0.0	0.0	0.0	0.0	0.0	0.0	0.0	0.0	0.0	0.0	0.0	0.0	0.0	0.0	0.0	0.0
3.71	0.0	0.0	0.0	0.0	0.0	0.0	0.0	0.0	0.0	0.0	0.0	0.0	0.0	0.0	0.0	0.0	0.0	0.0	0.0	0.0
3.73	0.0	0.0	0.0	0.0	0.0	0.0	0.0	0.0	0.0	0.0	0.0	0.0	0.0	0.0	0.0	0.0	0.0	0.0	0.0	0.0
3.75	0.0	0.0	0.0	0.0	0.0	0.0	0.0	0.0	0.0	0.0	0.0	0.0	0.0	0.0	0.0	0.0	0.0	0.0	0.0	0.0
3.77	0.0	0.0	0.0	0.0	0.0	0.0	0.0	0.0	0.0	0.0	0.0	0.0	0.0	0.0	0.0	0.0	0.0	0.0	0.0	0.0
3.79	0.0	0.0	0.0	0.0	0.0	0.0	0.0	0.0	0.0	0.0	0.0	0.0	0.0	0.0	0.0	0.0	0.0	0.0	0.0	0.0
3.81	0.0	0.0	0.0	0.0	0.0	0.0	0.0	0.0	0.0	0.0	0.0	0.0	0.0	0.0	0.0	0.0	0.0	0.0	0.0	0.0
3.83	0.0	0.0	0.0	0.0	0.0	0.0	0.0	0.0	0.0	0.0	0.0	0.0	0.0	0.0	0.0	0.0	0.0	0.0	0.0	0.0
3.8499999999999996	0.0	0.0	0.0	0.0	0.0	0.0	0.0	0.0	0.0	0.0	0.0	0.0	0.0	0.0	0.0	0.0	0.0	0.0	0.0	0.0
3.8699999999999997	0.0	0.0	0.0	0.0	0.0	0.0	0.0	0.0	0.0	0.0	0.0	0.0	0.0	0.0	0.0	0.0	0.0	0.0	0.0	0.0
3.8899999999999997	0.0	0.0	0.0	0.0	0.0	0.0	0.0	0.0	0.0	0.0	0.0	0.0	0.0	0.0	0.0	0.0	0.0	0.0	0.0	0.0
3.9099999999999997	0.0	0.0	0.0	0.0	0.0	0.0	0.0	0.0	0.0	0.0	0.0	0.0	0.0	0.0	0.0	0.0	0.0	0.0	0.0	0.0
3.9299999999999997	0.0	0.0	0.0	0.0	0.0	0.0	0.0	0.0	0.0	0.0	0.0	0.0	0.0	0.0	0.0	0.0	0.0	0.0	0.0	0.0
3.9499999999999997	0.0	0.0	0.0	0.0	0.0	0.0	0.0	0.0	0.0	0.0	0.0	0.0	0.0	0.0	0.0	0.0	0.0	0.0	0.0	0.0
3.9699999999999998	0.0	0.0	0.0	0.0	0.0	0.0	0.0	0.0	0.0	0.0	0.0	0.0	0.0	0.0	0.0	0.0	0.0	0.0	0.0	0.0
3.9899999999999998	0.0	0.0	0.0	0.0	0.0	0.0	0.0	0.0	0.0	0.0	0.0	0.0	0.0	0.0	0.0	0.0	0.0	0.0	0.0	0.0
4.01	0.0	0.0	0.0	0.0	0.0	0.0	0.0	0.0	0.0	0.0	0.0	0.0	0.0	0.0	0.0	0.0	0.0	0.0	0.0	0.0
4.03	0.0	0.0	0.0	0.0	0.0	0.0	0.0	0.0	0.0	0.0	0.0	0.0	0.0	0.0	0.0	0.0	0.0	0.0	0.0	0.0
4.05	0.0	0.0	0.0	0.0	0.0	0.0	0.0	0.0	0.0	0.0	0.0	0.0	0.0	0.0	0.0	0.0	0.0	0.0	0.0	0.0
4.07	0.0	0.0	0.0	0.0	0.0	0.0	0.0	0.0	0.0	0.0	0.0	0.0	0.0	0.0	0.0	0.0	0.0	0.0	0.0	0.0
4.09	0.0	0.0	0.0	0.0	0.0	0.0	0.0	0.0	0.0	0.0	0.0	0.0	0.0	0.0	0.0	0.0	0.0	0.0	0.0	0.0
4.109999999999999	0.0	0.0	0.0	0.0	0.0	0.0	0.0	0.0	0.0	0.0	0.0	0.0	0.0	0.0	0.0	0.0	0.0	0.0	0.0	0.0
4.13	0.0	0.0	0.0	0.0	0.0	0.0	0.0	0.0	0.0	0.0	0.0	0.0	0.0	0.0	0.0	0.0	0.0	0.0	0.0	0.0
4.1499999999999995	0.0	0.0	0.0	0.0	0.0	0.0	0.0	0.0	0.0	0.0	0.0	0.0	0.0	0.0	0.0	0.0	0.0	0.0	0.0	0.0
4.17	0.0	0.0	0.0	0.0	0.0	0.0	0.0	0.0	0.0	0.0	0.0	0.0	0.0	0.0	0.0	0.0	0.0	0.0	0.0	0.0
4.1899999999999995	0.0	0.0	0.0	0.0	0.0	0.0	0.0	0.0	0.0	0.0	0.0	0.0	0.0	0.0	0.0	0.0	0.0	0.0	0.0	0.0
4.21	0.0	0.0	0.0	0.0	0.0	0.0	0.0	0.0	0.0	0.0	0.0	0.0	0.0	0.0	0.0	0.0	0.0	0.0	0.0	0.0
4.2299999999999995	0.0	0.0	0.0	0.0	0.0	0.0	0.0	0.0	0.0	0.0	0.0	0.0	0.0	0.0	0.0	0.0	0.0	0.0	0.0	0.0
4.25	0.0	0.0	0.0	0.0	0.0	0.0	0.0	0.0	0.0	0.0	0.0	0.0	0.0	0.0	0.0	0.0	0.0	0.0	0.0	0.0
4.27	0.0	0.0	0.0	0.0	0.0	0.0	0.0	0.0	0.0	0.0	0.0	0.0	0.0	0.0	0.0	0.0	0.0	0.0	0.0	0.0
4.29	0.0	0.0	0.0	0.0	0.0	0.0	0.0	0.0	0.0	0.0	0.0	0.0	0.0	0.0	0.0	0.0	0.0	0.0	0.0	0.0
4.31	0.0	0.0	0.0	0.0	0.0	0.0	0.0	0.0	0.0	0.0	0.0	0.0	0.0	0.0	0.0	0.0	0.0	0.0	0.0	0.0
4.33	0.0	0.0	0.0	0.0	0.0	0.0	0.0	0.0	0.0	0.0	0.0	0.0	0.0	0.0	0.0	0.0	0.0	0.0	0.0	0.0
4.35	0.0	0.0	0.0	0.0	0.0	0.0	0.0	0.0	0.0	0.0	0.0	0.0	0.0	0.0	0.0	0.0	0.0	0.0	0.0	0.0
4.37	0.0	0.0	0.0	0.0	0.0	0.0	0.0	0.0	0.0	0.0	0.0	0.0	0.0	0.0	0.0	0.0	0.0	0.0	0.0	0.0
4.39	0.0	0.0	0.0	0.0	0.0	0.0	0.0	0.0	0.0	0.0	0.0	0.0	0.0	0.0	0.0	0.0	0.0	0.0	0.0	0.0
4.41	0.0	0.0	0.0	0.0	0.0	0.0	0.0	0.0	0.0	0.0	0.0	0.0	0.0	0.0	0.0	0.0	0.0	0.0	0.0	0.0
4.43	0.0	0.0	0.0	0.0	0.0	0.0	0.0	0.0	0.0	0.0	0.0	0.0	0.0	0.0	0.0	0.0	0.0	0.0	0.0	0.0
4.45	0.0	0.0	0.0	0.0	0.0	0.0	0.0	0.0	0.0	0.0	0.0	0.0	0.0	0.0	0.0	0.0	0.0	0.0	0.0	0.0
4.47	0.0	0.0	0.0	0.0	0.0	0.0	0.0	0.0	0.0	0.0	0.0	0.0	0.0	0.0	0.0	0.0	0.0	0.0	0.0	0.0
4.49	0.0	0.0	0.0	0.0	0.0	0.0	0.0	0.0	0.0	0.0	0.0	0.0	0.0	0.0	0.0	0.0	0.0	0.0	0.0	0.0
4.51	0.0	0.0	0.0	0.0	0.0	0.0	0.0	0.0	0.0	0.0	0.0	0.0	0.0	0.0	0.0	0.0	0.0	0.0	0.0	0.0
4.53	0.0	0.0	0.0	0.0	0.0	0.0	0.0	0.0	0.0	0.0	0.0	0.0	0.0	0.0	0.0	0.0	0.0	0.0	0.0	0.0
4.55	0.0	0.0	0.0	0.0	0.0	0.0	0.0	0.0	0.0	0.0	0.0	0.0	0.0	0.0	0.0	0.0	0.0	0.0	0.0	0.0
4.57	0.0	0.0	0.0	0.0	0.0	0.0	0.0	0.0	0.0	0.0	0.0	0.0	0.0	0.0	0.0	0.0	0.0	0.0	0.0	0.0
4.59	0.0	0.0	0.0	0.0	0.0	0.0	0.0	0.0	0.0	0.0	0.0	0.0	0.0	0.0	0.0	0.0	0.0	0.0	0.0	0.0
4.61	0.0	0.0	0.0	0.0	0.0	0.0	0.0	0.0	0.0	0.0	0.0	0.0	0.0	0.0	0.0	0.0	0.0	0.0	0.0	0.0
4.63	0.0	0.0	0.0	0.0	0.0	0.0	0.0	0.0	0.0	0.0	0.0	0.0	0.0	0.0	0.0	0.0	0.0	0.0	0.0	0.0
4.6499999999999995	0.0	0.0	0.0	0.0	0.0	0.0	0.0	0.0	0.0	0.0	0.0	0.0	0.0	0.0	0.0	0.0	0.0	0.0	0.0	0.0
4.67	0.0	0.0	0.0	0.0	0.0	0.0	0.0	0.0	0.0	0.0	0.0	0.0	0.0	0.0	0.0	0.0	0.0	0.0	0.0	0.0
4.6899999999999995	0.0	0.0	0.0	0.0	0.0	0.0	0.0	0.0	0.0	0.0	0.0	0.0	0.0	0.0	0.0	0.0	0.0	0.0	0.0	0.0
4.71	0.0	0.0	0.0	0.0	0.0	0.0	0.0	0.0	0.0	0.0	0.0	0.0	0.0	0.0	0.0	0.0	0.0	0.0	0.0	0.0
4.7299999999999995	0.0	0.0	0.0	0.0	0.0	0.0	0.0	0.0	0.0	0.0	0.0	0.0	0.0	0.0	0.0	0.0	0.0	0.0	0.0	0.0
4.75	0.0	0.0	0.0	0.0	0.0	0.0	0.0	0.0	0.0	0.0	0.0	0.0	0.0	0.0	0.0	0.0	0.0	0.0	0.0	0.0
4.77	0.0	0.0	0.0	0.0	0.0	0.0	0.0	0.0	0.0	0.0	0.0	0.0	0.0	0.0	0.0	0.0	0.0	0.0	0.0	0.0
4.79	0.0	0.0	0.0	0.0	0.0	0.0	0.0	0.0	0.0	0.0	0.0	0.0	0.0	0.0	0.0	0.0	0.0	0.0	0.0	0.0
4.81	0.0	0.0	0.0	0.0	0.0	0.0	0.0	0.0	0.0	0.0	0.0	0.0	0.0	0.0	0.0	0.0	0.0	0.0	0.0	0.0
4.83	0.0	0.0	0.0	0.0	0.0	0.0	0.0	0.0	0.0	0.0	0.0	0.0	0.0	0.0	0.0	0.0	0.0	0.0	0.0	0.0
4.85	0.0	0.0	0.0	0.0	0.0	0.0	0.0	0.0	0.0	0.0	0.0	0.0	0.0	0.0	0.0	0.0	0.0	0.0	0.0	0.0
4.87	0.0	0.0	0.0	0.0	0.0	0.0	0.0	0.0	0.0	0.0	0.0	0.0	0.0	0.0	0.0	0.0	0.0	0.0	0.0	0.0
4.89	0.0	0.0	0.0	0.0	0.0	0.0	0.0	0.0	0.0	0.0	0.0	0.0	0.0	0.0	0.0	0.0	0.0	0.0	0.0	0.0
4.91	0.0	0.0	0.0	0.0	0.0	0.0	0.0	0.0	0.0	0.0	0.0	0.0	0.0	0.0	0.0	0.0	0.0	0.0	0.0	0.0
4.93	0.0	0.0	0.0	0.0	0.0	0.0	0.0	0.0	0.0	0.0	0.0	0.0	0.0	0.0	0.0	0.0	0.0	0.0	0.0	0.0
4.95	0.0	0.0	0.0	0.0	0.0	0.0	0.0	0.0	0.0	0.0	0.0	0.0	0.0	0.0	0.0	0.0	0.0	0.0	0.0	0.0
4.97	0.0	0.0	0.0	0.0	0.0	0.0	0.0	0.0	0.0	0.0	0.0	0.0	0.0	0.0	0.0	0.0	0.0	0.0	0.0	0.0
4.99	0.0	0.0	0.0	0.0	0.0	0.0	0.0	0.0	0.0	0.0	0.0	0.0	0.0	0.0	0.0	0.0	0.0	0.0	0.0	0.0
# SMASH-2.0.1-1-g397f8f03