# E_photon	π+＋π-→π+＋π-＋γ	π+＋π-→π+＋π-＋γ_error	π+＋π+→π+＋π+＋γ	π+＋π+→π+＋π+＋γ_error	π-＋π-→π-＋π-＋γ	π-＋π-→π-＋π-＋γ_error	π+＋π0→π+＋π0＋γ	π+＋π0→π+＋π0＋γ_error	π-＋π0→π-＋π0＋γ	π-＋π0→π-＋π0＋γ_error	π+＋π-→π0＋π0＋γ	π+＋π-→π0＋π0＋γ_error	π0＋π0→π+＋π-＋γ	π0＋π0→π+＋π-＋γ_error	total	total_error	
0.005	0.15246825419925222	0.008895604475974327	0.012646593944108034	0.0011359621804725177	0.013043849340806435	0.0006931234243735259	0.017714109986203486	0.0011367144345276973	0.017979845793627422	0.0008815869625148591	0.006773001793111591	0.0005696618056201636	0.013616803849534282	0.0009734017467758968	0.2342424589066435	0.010379138365923763
0.015	0.024462437884959293	0.0010028412702338006	0.0020672540960546128	0.000185439559115089	0.0021439170975803144	0.00013487001474090252	0.002903343438839013	0.000183867550425731	0.0029579390008307735	0.00013771973618105062	0.0010816091953926572	9.095543356808317e-05	0.002146505423000326	0.0001978978495431452	0.03776300613665699	0.0013316655176429998
0.025	0.011054989012101456	0.0005288484552820388	0.0009262597256498291	7.369727950898453e-05	0.0009645817728802181	5.407109038012757e-05	0.0013139757330637189	8.903734494834134e-05	0.0013342563548235326	6.429631239017519e-05	0.00048638553831801564	4.4886601268549344e-05	0.0009604826183863827	7.680492547964049e-05	0.01704093075522315	0.0006247093571346857
0.034999999999999996	0.0065602625148847805	0.0003223551384062467	0.000553982187297421	4.738428574597489e-05	0.0005642608305556115	3.683246914677922e-05	0.0007828969527849885	5.3406207906067135e-05	0.0007905411661835607	4.0060096471164864e-05	0.00029119113097998716	2.5706443310465903e-05	0.0005609283264080284	4.7962157331878786e-05	0.01010406310909438	0.0004300101771454705
0.045	0.004437135774540439	0.00024113305589905097	0.0003761615674976176	2.977896232544003e-05	0.0003816762563528246	2.4817246910567712e-05	0.0005251753961872661	3.1945145501642845e-05	0.0005351858561084202	2.691010245303728e-05	0.00019983246146401367	2.062681102118548e-05	0.00037788371238055415	3.239552989325409e-05	0.006833051024531136	0.0003001214571207065
0.055	0.0032221802656579807	0.00014195425788886344	0.0002694736679261775	1.9616147694571047e-05	0.0002792207231909292	1.6824442243185137e-05	0.0003854728835885311	2.4453212576800022e-05	0.0003873042492726044	1.8058181003816623e-05	0.00014413372565366504	1.131921134652361e-05	0.00027173453485565384	2.269388854840532e-05	0.004959520050145542	0.00018383563668222108
0.065	0.0024876586724079885	0.00011985425932350487	0.00020611252798632086	1.6119745425408932e-05	0.00021403865222319028	1.2121781117249426e-05	0.00029611673628942317	1.980701539520656e-05	0.00030008084967928644	1.3765172434060662e-05	0.00011012243423885683	1.0917180144182395e-05	0.00020491971489589888	1.7236043216645027e-05	0.003819049587720965	0.00015308985462349236
0.07500000000000001	0.001970117647408502	0.00011799878748183293	0.00016214933936436996	1.2351542050136488e-05	0.00016598004776709522	9.935191673655692e-06	0.00023349212429771884	1.422258404259044e-05	0.0002368212253482037	1.1475175141686372e-05	8.803637683405178e-05	6.925233379134301e-06	0.00016334359517785628	1.3242451201493875e-05	0.0030199403561977983	0.00014162160407703943
0.085	0.0016261182646929474	8.881075720944991e-05	0.00013119258986807778	1.0599167550917012e-05	0.0001361365113404641	8.885910548728651e-06	0.00018821776277780857	1.1570611368881165e-05	0.00019123285533807888	8.236945096610337e-06	6.990917625352192e-05	5.35513953735003e-06	0.00012884728511558153	1.0040023976046541e-05	0.00247165444538648	0.00010891874328910719
0.095	0.0013309696017079556	7.280295402239277e-05	0.00010839250979576451	8.55837491318337e-06	0.00011083641919393717	6.731215566782176e-06	0.00015657964432559934	9.291995442094833e-06	0.0001591327783576341	8.258156527247165e-06	5.6721073194972965e-05	4.87118758877687e-06	0.000106358297203595	8.521155893415143e-06	0.0020289903237794586	8.461302032571157e-05
0.10500000000000001	0.0011379976552302231	5.9490989341769656e-05	9.074439830224173e-05	6.8966544553236225e-06	9.253273358034743e-05	6.354447532860494e-06	0.00013123577233313484	8.042086875276101e-06	0.00013220078325913647	6.920141926782442e-06	4.860233916554246e-05	4.369083735351715e-06	8.838997163295469e-05	7.665849227812562e-06	0.0017217036535035809	7.126571201161097e-05
0.115	0.0009754168758313927	5.8998873524313064e-05	7.648575663558624e-05	6.331972374183296e-06	7.804599824815351e-05	5.58173940647307e-06	0.00011111803480065832	6.3030191122037024e-06	0.00011214132917585027	5.83528540395779e-06	4.214093655486241e-05	4.496001542548881e-06	7.440996685586747e-05	6.528003043246933e-06	0.001469758898102371	6.994247231223766e-05
0.125	0.0008383923636994387	4.638711099068734e-05	6.495124770123151e-05	5.243031944126134e-06	6.677802722534573e-05	3.7030086245447844e-06	9.549331096887066e-05	6.100155241970436e-06	9.667106154356774e-05	5.516089727555483e-06	3.533068211137555e-05	3.164977028142415e-06	6.320308875566212e-05	5.15980699055299e-06	0.001260819782005492	5.6885204735642165e-05
0.135	0.0007252829368200917	3.945597821148487e-05	5.5861489371466384e-05	4.376985421770824e-06	5.715317059296918e-05	3.843490454292644e-06	8.24542266594538e-05	5.224810296650018e-06	8.259502188511588e-05	4.1788685441856046e-06	3.1428976315719484e-05	3.048693022491067e-06	5.430011440792615e-05	4.58146578269001e-06	0.0010890759360527426	4.689907817647786e-05
0.14500000000000002	0.0006283657080725814	3.099855384754223e-05	4.822680546512195e-05	3.930984956863362e-06	4.9566360374685754e-05	2.95644807761158e-06	7.039452945583614e-05	4.823591625412967e-06	7.165409857616263e-05	3.6418181264141164e-06	2.7241082970034555e-05	2.8604751038683214e-06	4.704022019448965e-05	3.93579639785961e-06	0.0009424888051089122	3.710423527390864e-05
0.155	0.0005537676257050992	2.7935519226962477e-05	4.1799062067175026e-05	3.5491323778692854e-06	4.2536756365510955e-05	2.2976793087836532e-06	6.167653782543497e-05	4.140383674958116e-06	6.20307728331676e-05	2.8373175802142538e-06	2.3972161248637235e-05	2.183333910098566e-06	4.00808484701921e-05	3.178950514000792e-06	0.0008258637645152172	3.189541959912669e-05
0.165	0.00048667284502162706	2.3006996026089327e-05	3.684324309294706e-05	2.8884692064095936e-06	3.6912131089906835e-05	2.3915179458877236e-06	5.35596613769832e-05	3.1506661937295065e-06	5.4602661755526235e-05	2.8337881582842273e-06	2.0930495586059154e-05	1.613673687858621e-06	3.4858999777627864e-05	2.7088665538987576e-06	0.0007243800377006774	2.9174383780700774e-05
0.17500000000000002	0.00042887582413520973	2.0819402013094233e-05	3.180893195726484e-05	2.7306058591062683e-06	3.261385091490549e-05	1.8144573469492053e-06	4.7004118791189294e-05	3.038481158388636e-06	4.767095218080143e-05	2.3005092673943583e-06	1.9004979985655887e-05	1.8230467726091694e-06	3.087791640730221e-05	2.7198811137090737e-06	0.0006378565743723289	2.4789974795918846e-05
0.185	0.0003809970881396304	1.7192558810525773e-05	2.822916110931527e-05	2.220470248509764e-06	2.8144434408528223e-05	1.9410388739519537e-06	4.169121882906201e-05	2.855073516501987e-06	4.1737268428858104e-05	1.9771456802953818e-06	1.766844721644198e-05	1.4969884397423267e-06	2.7196582291350925e-05	2.158818386082364e-06	0.000565664200423187	1.9791832813555715e-05
0.195	0.0003399733270144464	1.6446247332827923e-05	2.4366275589897064e-05	1.998927035279586e-06	2.5096080069706828e-05	1.8344772083151758e-06	3.637902126962568e-05	2.22128528321013e-06	3.6759554591232006e-05	1.6948460194584248e-06	1.5452858667688318e-05	1.1074653586356803e-06	2.3504378332726252e-05	2.0844635026275414e-06	0.0005015314955353226	1.9111135819254573e-05
0.20500000000000002	0.00030109742100919653	1.6150890453649143e-05	2.1838452909509874e-05	1.5551451844855438e-06	2.2030919398768646e-05	1.268196964398959e-06	3.203404976126307e-05	2.0315664857936775e-06	3.205203328628848e-05	1.6269317456248055e-06	1.4329544190830622e-05	1.2481318583217005e-06	2.0724395622675628e-05	1.7868602668836776e-06	0.00044410681617853285	1.8827099046678605e-05
0.215	0.00026601079146943915	1.3451667261384823e-05	1.9128911080614696e-05	1.5666270205387724e-06	1.9629573736304828e-05	1.3075763275615468e-06	2.8442842487448833e-05	1.787517673698534e-06	2.836215937262526e-05	1.1576620983741502e-06	1.2318134904078437e-05	1.0060090245840145e-06	1.8278962373032034e-05	1.6071584896977882e-06	0.00039217137542354324	1.5308728718324286e-05
0.225	0.00023700774122105786	1.0259519202627572e-05	1.6894600850535326e-05	1.5333340426415898e-06	1.7198493946471182e-05	8.719178079821074e-07	2.4876297764362623e-05	1.5628504787964696e-06	2.513257002588138e-05	1.2294122194298076e-06	1.1520984681731278e-05	1.0064609158404536e-06	1.625289203313207e-05	1.3336217112856652e-06	0.0003488835805231717	1.2587136353876152e-05
0.23500000000000001	0.00020938069182363013	1.3048371107496808e-05	1.5153174780242e-05	1.1916078339001115e-06	1.552410840253539e-05	9.209213055904593e-07	2.1927963083051834e-05	1.4529637602745102e-06	2.214815680177629e-05	1.0527351689122032e-06	1.058236140149268e-05	9.032173570064295e-07	1.4351070107454275e-05	1.2382886060314188e-06	0.0003090675264001826	1.4836535250091948e-05
0.245	0.00018796759955665905	9.127851901094063e-06	1.3325960625344599e-05	1.0889642563398733e-06	1.3591939190907922e-05	9.186745029383174e-07	1.971661115453074e-05	1.269307654571902e-06	1.966350410140569e-05	1.046056481317719e-06	9.550869611972375e-06	9.281799080135214e-07	1.274518537699323e-05	1.0435789078943e-06	0.0002765616696178136	1.0626343069246732e-05
0.255	0.0001670732861750566	8.4951545741822e-06	1.1807701797251765e-05	7.861541435290447e-07	1.1960605453623859e-05	8.191418519382499e-07	1.7409389958245097e-05	1.1433277806799285e-06	1.747773229893532e-05	9.510559859405737e-07	8.771486780726755e-06	6.687793487261605e-07	1.1041040547757636e-05	8.48834392466124e-07	0.000245541243011597	9.323874917891813e-06
0.265	0.00014726396368672283	7.212658044354877e-06	1.0661285559334806e-05	7.997469521077042e-07	1.0705934567030418e-05	7.710220991901122e-07	1.5333404947275707e-05	9.739743732979144e-07	1.5411688237021395e-05	9.590632143755166e-07	8.053692842852984e-06	8.406329217559424e-07	9.970591758154791e-06	8.514509142254631e-07	0.00021740056159839298	8.770672738528715e-06
0.275	0.00013081506730829064	6.149543464138115e-06	9.355623616274283e-06	7.516646340366388e-07	9.642143188223363e-06	6.555949134658664e-07	1.3617572424405296e-05	7.811442410684753e-07	1.3722050655828768e-05	8.099198233379913e-07	7.192550526861115e-06	6.68964022952623e-07	8.801046345551822e-06	6.729867669373445e-07	0.00019314605406543529	7.024549399973476e-06
0.28500000000000003	0.00011775828877618063	5.5535409582992855e-06	8.378111083391917e-06	6.8028476073809e-07	8.549383775089616e-06	4.915809944030985e-07	1.2030489154984101e-05	7.672927441550766e-07	1.211207250275496e-05	6.69403661339921e-07	6.921182684789633e-06	6.958357062393153e-07	7.834092177261478e-06	6.432052086469462e-07	0.0001735836201544523	6.5725704595737836e-06
0.295	0.00010510380867817652	5.5068050147198e-06	7.577196835994104e-06	6.119787523281659e-07	7.562988562427742e-06	5.498424971701276e-07	1.0726787666781857e-05	6.623824569178573e-07	1.0830998931764292e-05	6.110281116898499e-07	6.189342318003133e-06	5.572508503941529e-07	6.871608322526568e-06	4.628972759560321e-07	0.0001548627313156742	6.67363973387458e-06
0.305	9.442125399409072e-05	7.752844442838991e-06	6.623932509452113e-06	5.490900900265013e-07	6.7267249401906686e-06	3.855312825267498e-07	9.612148345927922e-06	6.492382162103428e-07	9.588350895028471e-06	5.323882546351651e-07	5.832352034173151e-06	5.516187634410469e-07	6.243280877384026e-06	5.509341610805643e-07	0.0001390480435962471	8.6676510431003e-06
0.315	8.436850007602676e-05	5.881653290893753e-06	5.8928566748179925e-06	5.607614844580422e-07	6.045628027028272e-06	4.6520555448444645e-07	8.49273139386942e-06	5.273081641069412e-07	8.537500494317627e-06	4.986421122574483e-07	5.2443355052575525e-06	5.654092929594672e-07	5.438302635370905e-06	3.7229678181910007e-07	0.00012401985480668855	6.86439669434862e-06
0.325	7.38727941128593e-05	4.832968282037602e-06	5.302936523906005e-06	4.366294917045681e-07	5.358225581621633e-06	3.7713434257733926e-07	7.539982230373956e-06	4.166915584980476e-07	7.700574992024392e-06	4.2078159352627263e-07	4.940385176512676e-06	5.621381664677926e-07	4.841189213295451e-06	3.5140325294885565e-07	0.0001095560878305934	5.585421512216449e-06
0.335	6.658548735075654e-05	3.396697880314291e-06	4.741074214317111e-06	3.7917332219255384e-07	4.874368335302189e-06	3.793563524725467e-07	6.727169646862588e-06	3.9158009242444395e-07	6.885088609122851e-06	4.6768259772186336e-07	4.483609621204566e-06	4.814999975418132e-07	4.332145717061027e-06	2.8801581579200627e-07	9.862894349462685e-05	4.114736081225862e-06
0.34500000000000003	5.8964832530796594e-05	3.3881941152574505e-06	4.178236324972413e-06	3.3522314969411014e-07	4.280188098684527e-06	3.3254953405279265e-07	6.026756110909579e-06	4.514604089648119e-07	6.048378688961931e-06	4.196407955751592e-07	4.125216343851659e-06	3.8381160067838337e-07	3.889745427658123e-06	3.131942629541374e-07	8.751335352583484e-05	4.1449070715701e-06
0.35500000000000004	5.236395876881098e-05	3.747272722445048e-06	3.7839311502081423e-06	3.004238357218611e-07	3.861722268039721e-06	2.519252815098959e-07	5.410549335028945e-06	3.294099372638771e-07	5.396150344146762e-06	3.723683214953755e-07	3.7889079830433885e-06	3.74047971076531e-07	3.444151643589828e-06	3.091263587243609e-07	7.804937149286776e-05	4.3699733839685095e-06
0.365	4.695579192802271e-05	3.3964447985329102e-06	3.337740684450797e-06	3.2145958082225356e-07	3.394153988509413e-06	2.85942698086747e-07	4.876404816218649e-06	2.711872956162905e-07	4.806524083815907e-06	3.27872580020061e-07	3.4813521083618835e-06	3.2427356264129694e-07	3.058621078519766e-06	1.695894588290127e-07	6.991058868789914e-05	4.1012313121691346e-06
0.375	4.267967171352121e-05	2.750416589799001e-06	3.0147672372346323e-06	1.9435596090776758e-07	3.0958985564553697e-06	2.2127668730027057e-07	4.3371597251145e-06	2.539205078501201e-07	4.306937125345845e-06	2.576221974709969e-07	3.1843478943477075e-06	2.9486493402795964e-07	2.682807241985304e-06	2.7940650474087797e-07	6.330158949400456e-05	3.1176570752939226e-06
0.385	3.7741622735616976e-05	2.1196082105164897e-06	2.6754369333217496e-06	2.5517260769784213e-07	2.7202144913605505e-06	2.0906091301351557e-07	3.834764058070147e-06	2.6003768415116754e-07	3.845778779158607e-06	2.752021620340031e-07	2.887808075625509e-06	3.13771873039855e-07	2.3854334013004227e-06	1.9122154999720053e-07	5.6091058474453966e-05	2.630358099380345e-06
0.395	3.335650937547116e-05	2.358176891286505e-06	2.4216490748978373e-06	2.1548581339484858e-07	2.4224100162529234e-06	1.5917321522739455e-07	3.486350769793838e-06	2.0617075742999333e-07	3.4548931812974296e-06	2.840881369314127e-07	2.7160513426588773e-06	2.736337874014928e-07	2.1542874347313056e-06	2.1163678861754438e-07	5.0012151195103375e-05	2.73988659680951e-06
0.405	3.0352615429510532e-05	2.3833887226273248e-06	2.134645599835952e-06	1.4112204820922262e-07	2.2118297752678384e-06	1.8990296752678243e-07	3.1188479373065483e-06	1.7771987537358425e-07	3.1215081924368803e-06	2.3315317163187626e-07	2.609357012561169e-06	3.287634434404413e-07	1.8645539891561753e-06	1.6992906733448062e-07	4.54133579360751e-05	2.844693430818308e-06
0.41500000000000004	2.7287501757049092e-05	2.089616217965334e-06	1.9131120842126753e-06	2.07771994656812e-07	1.9449971597861757e-06	1.601205105965604e-07	2.7669239395787906e-06	1.8347267956498288e-07	2.771379435901228e-06	2.1237358336707246e-07	2.329059662739291e-06	2.1923209695808047e-07	1.7174967334366114e-06	1.613390308004047e-07	4.073047077270386e-05	2.5284369620717736e-06
0.425	2.4563014869514943e-05	1.782600812688592e-06	1.757120687387689e-06	1.1762332753222607e-07	1.7407201411445468e-06	1.1059849897624089e-07	2.4486987967042052e-06	1.5934839551361014e-07	2.5099349737997e-06	2.2788358849615674e-07	2.1132621204756323e-06	2.398156879835363e-07	1.5241378010658422e-06	1.2875818311341985e-07	3.665688939009255e-05	2.207847791620132e-06
0.435	2.1861631058930805e-05	1.8717282907092422e-06	1.5313739937036759e-06	1.3208173056735043e-07	1.567821820695327e-06	1.1654038940249123e-07	2.2512524039381574e-06	1.5606473117002592e-07	2.2351639437533663e-06	1.8012458789236466e-07	1.9799973289597465e-06	1.9724186160768562e-07	1.3891464474057277e-06	1.2023260480198346e-07	3.2816386997386806e-05	2.295167380363379e-06
0.445	1.9260330274136082e-05	1.496605011405919e-06	1.3600660683482682e-06	9.955866118023121e-08	1.4169826599374254e-06	1.0309881485146152e-07	2.0390271243975884e-06	1.5258796020612383e-07	1.9969417043798926e-06	1.8965816871906182e-07	1.749175120533387e-06	1.2449229574955395e-07	1.2361943144370767e-06	1.0718894777313757e-07	2.905871726616972e-05	1.6265113571605545e-06
0.455	1.7228757130818055e-05	1.3682580193606139e-06	1.2372498571901255e-06	1.0088970046893193e-07	1.2467736744577693e-06	1.0543451373524252e-07	1.7719424599709044e-06	1.2334975257013722e-07	1.8350613458704003e-06	1.342833899880839e-07	1.658739355851832e-06	1.431334639841947e-07	1.0810045125612529e-06	6.020084006703919e-08	2.6059528336720343e-05	1.6733041334381045e-06
0.465	1.581560022942186e-05	1.3894015104574678e-06	1.0737757691279135e-06	1.0186600774859824e-07	1.1239885665906947e-06	8.283421836035214e-08	1.6125344773685993e-06	1.0221104317032332e-07	1.606036832507801e-06	1.6205963792052202e-07	1.4960631406734038e-06	1.1601582718995813e-07	9.814337983617661e-07	9.73994114510977e-08	2.370943281405204e-05	1.6712693557603168e-06
0.47500000000000003	1.4281675001869172e-05	1.6305620442324151e-06	9.635859052502292e-07	8.26989144953637e-08	1.005398510855331e-06	8.300518910689801e-08	1.4506216657137536e-06	7.791296933057308e-08	1.4395222405172764e-06	1.2166700976167676e-07	1.3439269531545037e-06	1.3716520398207874e-07	8.67930250535303e-07	9.279477349927068e-08	2.1352660527895565e-05	1.8649170676787765e-06
0.485	1.2213785312536276e-05	1.1379361241277524e-06	8.790483747840121e-07	7.33369868984617e-08	8.704980719485195e-07	6.317318809843101e-08	1.2910620534131781e-06	1.0187935746595197e-07	1.3053122552104848e-06	1.3840412269457175e-07	1.2315249028537255e-06	2.1002889956496718e-07	7.817713794868368e-07	5.155097418158188e-08	1.8573002350233035e-05	1.4404192025823138e-06
0.495	1.1506108613970087e-05	1.4019060430593369e-06	8.090836780245789e-07	8.357618995865641e-08	8.010036352856945e-07	7.24047267470569e-08	1.1727867734234265e-06	9.754285941328444e-08	1.1699452583488826e-06	1.1104791778741897e-07	1.219070068941733e-06	1.2527548489527846e-07	7.154555468454312e-07	4.913215257460393e-08	1.739345357483983e-05	1.6253690424328365e-06
0.505	9.963578989599492e-06	7.546645580521296e-07	7.077652413269509e-07	7.863038725897128e-08	7.194443497747763e-07	6.97080577396941e-08	1.0555834099399662e-06	1.2703037203584288e-07	1.070421085032175e-06	1.048452940645472e-07	1.0676452827232635e-06	1.5336358291712806e-07	6.223856943303589e-07	5.192030847306116e-08	1.5206824052726987e-05	1.0658871171354245e-06
0.515	9.121635660990553e-06	9.354008052895089e-07	6.174815687328447e-07	6.518645276494537e-08	6.395963342614241e-07	6.0886860164391e-08	9.416175186872276e-07	8.234133491285441e-08	9.616298777936662e-07	9.983809971506247e-08	9.913136468497675e-07	1.416872844606189e-07	5.750758090659041e-07	6.311751779613006e-08	1.3848350416381388e-05	1.2127930676605307e-06
0.525	7.953055296053347e-06	8.408700665639076e-07	5.466243286749429e-07	5.961768970360579e-08	5.779952732570587e-07	7.280262507740171e-08	8.652486427740052e-07	8.833222406463283e-08	8.549717195265274e-07	9.018660900909675e-08	8.574976756731808e-07	1.0716452527966864e-07	5.318560013140547e-07	4.442692670785767e-08	1.2187248937273116e-05	1.0262648903044623e-06
0.535	7.381377705754414e-06	5.84782924124239e-07	5.143425039489638e-07	4.994237650148367e-08	4.98915428884508e-07	4.543882533698451e-08	7.714798658529099e-07	6.135943868822755e-08	7.976789028639979e-07	8.718590870364274e-08	8.090424331574117e-07	1.1742581464641265e-07	4.5570761183005355e-07	4.6517487897911826e-08	1.1228544452292261e-05	7.558994100170302e-07
0.545	6.586370262109988e-06	4.1664705646768043e-07	4.5366299605078303e-07	4.084555623514465e-08	4.6067032532138126e-07	4.477314544647615e-08	6.732182055039459e-07	5.840850123280153e-08	7.05774824303007e-07	7.212743925698324e-08	7.696276891645174e-07	1.01500348690078e-07	4.104354398318647e-07	4.7821570021906964e-08	1.005975974228549e-05	5.685850941955481e-07
0.555	5.7783452334244655e-06	3.796499154146308e-07	4.071418625740094e-07	3.370929267432809e-08	4.091705311069944e-07	3.363253367856753e-08	6.213546112274805e-07	5.999495297849435e-08	6.513693257779041e-07	6.183359782200077e-08	6.91764382588045e-07	9.948512635628893e-08	3.587253593195857e-07	3.7220059034501664e-08	8.917871306018484e-06	5.262281790306826e-07
0.5650000000000001	5.239484805658027e-06	6.791200575750181e-07	3.604442603112223e-07	4.717443204551835e-08	3.7143988448043846e-07	4.7148635882560884e-08	5.707452066622414e-07	5.589827573074955e-08	5.727221925557108e-07	6.271230774327548e-08	5.80021502802296e-07	6.863812966724318e-08	3.3513197970885153e-07	3.4020180587008054e-08	8.029989832178787e-06	8.496733831746476e-07
0.5750000000000001	4.827386123863762e-06	5.669710305446174e-07	3.334200724654473e-07	4.0330193306118035e-08	3.2902415431486967e-07	2.7628962366170546e-08	5.118816898099192e-07	4.508145538793058e-08	5.157848241215706e-07	5.0589513637100654e-08	5.894525982593794e-07	7.46797479017083e-08	2.8134880193717415e-07	3.1114960707554386e-08	7.388298264772123e-06	6.774034048353258e-07
0.585	4.30896455159874e-06	4.7097240818984993e-07	2.896497443207441e-07	4.03110234523492e-08	2.940798810572452e-07	3.921922102621297e-08	4.720072749891448e-07	5.117688458771236e-08	4.5691681925195656e-07	4.098352394554197e-08	5.181521880239161e-07	7.662762385833917e-08	2.524838631717539e-07	2.6049478638107007e-08	6.5922543224135e-06	6.14954047820676e-07
0.595	3.8984948847820855e-06	3.829994343739088e-07	2.67588711125616e-07	2.7402674628478908e-08	2.6343232154375854e-07	3.173289033767419e-08	4.110532934746876e-07	4.6108918146353866e-08	4.0707605846309214e-07	4.966384007333846e-08	4.948781237516353e-07	8.524145111838409e-08	2.3074260695748773e-07	2.451672580382244e-08	5.973266000098362e-06	4.977153677274972e-07
0.605	3.5120842212742287e-06	3.465956650608768e-07	2.362444338830136e-07	2.2018438053133844e-08	2.3588489656100352e-07	3.203622547369252e-08	3.8068999972985076e-07	4.3587432949503913e-08	3.6794714661430845e-07	4.7582688415699084e-08	4.5365888052516934e-07	7.485260775233548e-08	2.0467701145650207e-07	2.2115541970950714e-08	5.391186590044077e-06	4.645302121225058e-07
0.615	3.0619103436207136e-06	4.134477240478147e-07	2.0563953206111775e-07	2.5134034655371314e-08	2.2685060579769033e-07	2.2545543495841668e-08	3.31094792653159e-07	4.0561428992949076e-08	3.411799414665827e-07	5.328331347900214e-08	4.359027273714093e-07	7.460596184966769e-08	1.8766797340707423e-07	2.036805594130299e-08	4.7902459163777475e-06	5.24392807976722e-07
0.625	2.7882077893067738e-06	3.831376334134799e-07	1.9329687910242103e-07	2.7976789110638115e-08	1.8975398992081553e-07	2.4818024821475934e-08	3.011332880033293e-07	3.045268068569549e-08	2.982237110750273e-07	2.878112488713804e-08	4.0108108813944774e-07	7.713244717503267e-08	1.6926406448154918e-07	2.1825494607798517e-08	4.3409608100293645e-06	4.980231235002417e-07
0.635	2.610517618250137e-06	3.808395325482684e-07	1.6791441385801276e-07	2.352683147318183e-08	1.7540354979458054e-07	1.9944253819175302e-08	2.818064494776083e-07	3.645225912215697e-08	2.778373257132851e-07	3.308422661034403e-08	3.453429982892989e-07	6.861166421922653e-08	1.624460447586762e-07	1.3260510308816997e-08	4.021268400141599e-06	4.7355328562018064e-07
0.645	2.365910526799355e-06	2.1512982038638022e-07	1.4439065661416536e-07	1.862586511066658e-08	1.542458186958456e-07	1.931289249681098e-08	2.527255495586581e-07	3.1244415993197914e-08	2.53799111292966e-07	2.8149907061174282e-08	3.131090592746594e-07	4.4975172962311676e-08	1.4746709073298276e-07	1.6932409180319276e-08	3.6316478129686325e-06	2.5008734038874876e-07
0.655	2.0433104545602594e-06	2.857777028039638e-07	1.3692972913285152e-07	1.421124309591324e-08	1.435768411091888e-07	1.536516392660559e-08	2.2855717258193317e-07	2.6204841304135237e-08	2.3194374893018256e-07	2.9328620267279528e-08	3.0118920144804456e-07	4.8016071511849137e-08	1.2357272181131435e-07	1.8403213005494102e-08	3.2090798695737742e-06	3.7164254926424404e-07
0.665	1.7922021261721485e-06	2.5735757616865905e-07	1.2812496789219662e-07	2.6812764542167774e-08	1.263477947981679e-07	1.8762932156813217e-08	2.09456989060253e-07	2.862886100703625e-08	2.1308118872650706e-07	1.8163304221244026e-08	2.714603155272061e-07	3.814435030236803e-08	1.1161181829868058e-07	1.527895481015653e-08	2.8522852004751595e-06	2.9644838320151813e-07
0.675	1.65034923617791e-06	1.788978218668824e-07	1.0595280102132534e-07	1.1444278587443768e-08	1.0640830075438712e-07	9.387420795958755e-09	1.826322318288852e-07	1.5344861531944104e-08	1.8812442072135026e-07	3.554475907371713e-08	2.426743840493959e-07	4.303737020730747e-08	1.0152235791188187e-07	1.0345707517312516e-08	2.577663732465136e-06	2.266062985851555e-07
0.685	1.517320180167338e-06	1.7919214375747917e-07	9.972569329286654e-08	1.6545068819251926e-08	1.0013017363466482e-07	1.0499715402854992e-08	1.6972955167394392e-07	2.499757856126656e-08	1.6493696096093474e-07	2.887301381054709e-08	2.1311919240363677e-07	3.4100029715037216e-08	9.140646817079924e-08	1.2351113947197216e-08	2.356368220304184e-06	2.4446251552194014e-07
0.6950000000000001	1.4071675255415714e-06	2.4358158552465543e-07	8.963340479694445e-08	9.078668146291518e-09	9.763774013807734e-08	1.2253909638506198e-08	1.5671233280075755e-07	1.8804483947493542e-08	1.5498178185844765e-07	2.25398287753159e-08	1.8629456042962467e-07	3.23971228881101e-08	7.937430336830022e-08	1.0638763167913698e-08	2.171801648933723e-06	2.872561652576249e-07
0.7050000000000001	1.2232596204383275e-06	1.4370978454528163e-07	7.404938224836811e-08	1.1204353185644389e-08	8.22466306155872e-08	1.3336423047422362e-08	1.3901248166855635e-07	1.6381551969504558e-08	1.3964379430073518e-07	2.252252284529123e-08	1.773793385284522e-07	4.344415756991251e-08	7.347519973155023e-08	9.522228492503086e-09	1.9090664475315767e-06	1.9268926484122372e-07
0.715	1.1425788294665373e-06	2.296711755937346e-07	6.90511062888005e-08	1.4822428222912846e-08	7.375202351948184e-08	8.639919564129894e-09	1.2690255642853531e-07	1.591105358043382e-08	1.2798902478594364e-07	2.419752644450577e-08	1.7585891786438678e-07	3.342591887786552e-08	6.792098274701865e-08	1.4641670561741613e-08	1.7840534411007044e-06	2.7732568461443063e-07
0.725	1.0607212420635821e-06	1.507675062585301e-07	5.958061558820895e-08	1.0798207338502498e-08	6.810087763655381e-08	1.2646565753378769e-08	1.0631621829629842e-07	1.3949245280236895e-08	1.1188453637682412e-07	1.6254171953534148e-08	1.610255504516397e-07	4.001249811016708e-08	6.439503234640241e-08	8.6887637744505e-09	1.6320240727595093e-06	1.9316694387804497e-07
0.735	9.297832447090734e-07	1.5307001457860353e-07	5.4671391204932266e-08	7.465379491607883e-09	5.6167790979584144e-08	9.607011069694451e-09	1.0517855263876164e-07	1.3596119709989164e-08	1.0742205090220861e-07	1.4985545792195045e-08	1.445541686465826e-07	3.317189811431285e-08	5.837317392305837e-08	8.143468838239232e-09	1.4561503730042009e-06	1.8934118029067422e-07
0.745	8.546136938475461e-07	1.7249195991498737e-07	5.383081070678631e-08	1.1034555210037853e-08	5.2723673193565605e-08	7.669664547609149e-09	9.524285048892763e-08	1.4349263851314422e-08	8.995478909838737e-08	1.1804770762736506e-08	1.2607434518951444e-07	1.9409466772713186e-08	4.907490335389062e-08	7.685636204060567e-09	1.321515065878618e-06	1.943272995287185e-07
0.755	7.625282991242118e-07	1.3499606346325231e-07	4.489426235763578e-08	9.277095655969341e-09	4.318334591194893e-08	7.195794042778314e-09	9.221206009742226e-08	1.7742327948255144e-08	8.441929144202464e-08	1.473753782615836e-08	1.210991123550055e-07	2.8558092675524098e-08	4.3798386624226665e-08	9.423674779815347e-09	1.1921347579124755e-06	1.7408656853156544e-07
0.765	6.744028114725184e-07	1.3306960901301334e-07	4.045126052655775e-08	9.73462998312833e-09	4.232999754348828e-08	9.707210131065666e-09	7.484862599904807e-08	1.0207133306713976e-08	7.690851852825157e-08	1.3266722477396175e-08	1.0820418065958199e-07	3.430435420454799e-08	4.1624672209104355e-08	7.058018313734797e-09	1.0587700669385506e-06	1.7085263207635334e-07
0.775	6.288561305287365e-07	7.567296811511565e-08	3.430843390119508e-08	7.687327702166427e-09	3.426381335881164e-08	5.9027075446500136e-09	6.928771405150277e-08	9.801073770878053e-09	7.254921835248304e-08	1.702203262753129e-08	1.0050548202890632e-07	1.998262487136038e-08	3.5406301111163055e-08	6.908632034999326e-09	9.751770933327984e-07	1.0953445290755487e-07
0.785	5.312587669372352e-07	9.726783257923405e-08	3.100652014291916e-08	5.719606257817542e-09	3.018690365470519e-08	5.954464680049316e-09	6.42442757085156e-08	8.065072946219458e-09	6.013640795535999e-08	9.385468389411858e-09	8.35477610362851e-08	2.0213385845880116e-08	3.1486651920451103e-08	7.57461496930627e-09	8.318672873554715e-07	1.2195254985924638e-07
0.795	4.856523499562988e-07	1.086152563267906e-07	2.9508958959273805e-08	7.274021005940725e-09	2.8370631846197377e-08	7.023622122381391e-09	5.8947518329403064e-08	1.2748915972372906e-08	6.186158330396878e-08	1.1018944717945864e-08	7.95768927555403e-08	1.6818242475484813e-08	3.052954752894606e-08	7.3424710979691774e-09	7.744474826796282e-07	1.299650404493946e-07
0.805	4.315964752608467e-07	9.733137898364177e-08	2.5172711908879482e-08	4.441225173368473e-09	2.705304218133327e-08	5.823369622290664e-09	5.3159000043341623e-08	7.061309954213247e-09	5.4169335988896445e-08	1.0996117592379866e-08	6.587897426970796e-08	9.327446940880983e-09	2.4268604118703075e-08	5.8783754207954524e-09	6.812981437717085e-07	1.0441949614080946e-07
0.8150000000000001	4.053760059888903e-07	7.437950337268434e-08	1.933096542180449e-08	6.6466180699853906e-09	2.5066065636321486e-08	3.5048976543416765e-09	4.83133789635608e-08	1.077036827473923e-08	4.883317504234784e-08	1.299465285242791e-08	6.563280509870166e-08	2.261429604686519e-08	2.569587803708297e-08	6.617828127239546e-09	6.382482741887095e-07	9.505028124610004e-08
0.8250000000000001	3.477589496425153e-07	9.172114863659061e-08	2.176707149297462e-08	7.169053694643346e-09	2.2528677821833402e-08	5.108338416217293e-09	4.197026583043501e-08	5.978274747109555e-09	4.2757663708810154e-08	9.510963024219921e-09	6.23844394447685e-08	2.812588278324451e-08	2.3177218909292013e-08	5.8615918341293955e-09	5.62344286850629e-07	1.1946294602460155e-07
0.8350000000000001	3.193921542466116e-07	5.1604720688800815e-08	1.966257479268563e-08	5.581773461924416e-09	1.949278957460752e-08	4.061455792049775e-09	4.000468664506251e-08	9.432091109193425e-09	3.9717387866351617e-08	6.2413710236033815e-09	5.187171872463648e-08	1.3350614896402613e-08	2.227459168138946e-08	5.559789061732596e-09	5.124159035313449e-07	6.119572704259853e-08
0.845	2.9667999253100416e-07	6.425454966048751e-08	1.7249241168827856e-08	4.283871275186762e-09	1.6953691797426603e-08	4.625192692313532e-09	3.678139000328203e-08	6.595848078296381e-09	2.9939933597344e-08	6.232380151033232e-09	4.798074022269873e-08	1.650673226889664e-08	1.854136211130791e-08	3.19880509579329e-09	4.6412635143189126e-07	7.308424855853344e-08
0.855	2.651179229383083e-07	4.506006858218495e-08	1.26943056789167e-08	2.8646239841168075e-09	1.4393535805238054e-08	5.522247089143256e-09	2.9713596039637338e-08	5.496952758049595e-09	3.271906545856743e-08	5.9269588250731695e-09	4.859879904129934e-08	1.4362740233790643e-08	1.5828623457251177e-08	4.470268688897223e-09	4.1906584841921845e-07	5.997763621442958e-08
0.865	2.43326824837542e-07	4.6784565859844203e-08	1.4463614318568313e-08	6.8458660324171255e-09	1.3049643122516045e-08	4.746108483183598e-09	3.07383371808376e-08	7.268801669726355e-09	2.7956799830335078e-08	5.93936961357191e-09	3.937657675780382e-08	1.785841903042135e-08	1.4980972260253673e-08	4.4087590573460794e-09	3.8389276830785663e-07	6.863347840864699e-08
0.875	2.3012471185402408e-07	5.928421393922798e-08	1.2432880793349181e-08	3.272405587879918e-09	1.0042851018415778e-08	3.895012857370187e-09	2.5836042779259043e-08	5.6824574791207564e-09	2.6600040834509846e-08	4.116469911052233e-09	3.774939688822404e-08	1.4058419633339472e-08	1.4165753028144872e-08	2.6975230814321988e-09	3.569516771959268e-07	6.780044936145101e-08
0.885	2.1808075834988152e-07	5.4883173575194155e-08	9.828260220808195e-09	2.5477247124916447e-09	1.2912437687728131e-08	4.251803551617588e-09	2.5948363497224442e-08	5.834923255582596e-09	2.4511539454172585e-08	5.236039673995858e-09	4.145685515050816e-08	1.2345678385097347e-08	1.3978153833178298e-08	3.5140941376340542e-09	3.4671636819350137e-07	6.2816163645711e-08
0.895	1.880820872471309e-07	4.027168540020988e-08	9.541194968299632e-09	2.2362626983642275e-09	9.297321207832683e-09	2.8101739037553624e-09	2.290161025911753e-08	5.749348826368363e-09	2.4263101107039057e-08	3.810509781443694e-09	3.0873752268507276e-08	7.781878855221141e-09	1.1246205958490665e-08	2.6965614437092477e-09	2.962052730164177e-07	5.109588499691458e-08
0.905	1.6843546312562536e-07	5.0160037143538814e-08	9.555978202970957e-09	2.8562615252351206e-09	9.326890311996666e-09	3.4116730974514874e-09	1.7420517331821242e-08	5.099517718228194e-09	2.0626931369229574e-08	6.166828793092308e-09	3.123150342717527e-08	1.1546666216663456e-08	8.18582593703791e-09	3.0319970823498196e-09	2.6478310970585703e-07	6.116966386568645e-08
0.915	1.6339296697462077e-07	4.7009733949310633e-08	6.819692872686462e-09	2.7441950710455677e-09	9.657682562009935e-09	3.978866904916492e-09	1.8050078960433653e-08	4.028351623055084e-09	1.9087426023044154e-08	4.2683779950821435e-09	2.5561932400024643e-08	1.408668888531159e-08	9.095012316676153e-09	2.900523120748757e-09	2.5166479210949583e-07	6.064306881701195e-08
0.925	1.4301594708036176e-07	4.097366156171686e-08	7.719378021422263e-09	2.4654059571829263e-09	9.17797753941213e-09	2.706180909985732e-09	1.583766358356023e-08	5.547164717145175e-09	1.6110320769012272e-08	2.9711817528475964e-09	2.5328675533800283e-08	8.837032808239608e-09	1.0890347629329398e-08	3.4051291497184566e-09	2.2808031015689832e-07	4.933925597517382e-08
0.935	1.4645935237670576e-07	4.3747770303988056e-08	6.563135059192502e-09	1.9407016310378794e-09	6.0911091758723035e-09	2.1400448839395124e-09	1.3357639152556196e-08	2.6652346199341e-09	1.4605427794838358e-08	3.4563243510558163e-09	2.548571362097563e-08	9.982532014325723e-09	7.94149800333414e-09	3.4174041283484448e-09	2.205038751834749e-07	5.443610827900836e-08
0.9450000000000001	1.240179877327325e-07	4.43304842014035e-08	5.915701611892985e-09	1.747761537755509e-09	6.814329965162352e-09	2.251477126828336e-09	1.2039180987380782e-08	3.3627760443189995e-09	1.4186259133250552e-08	3.5989867403763893e-09	2.0344857336634066e-08	1.3788449404799992e-08	7.96576986709669e-09	2.243952697564425e-09	1.912840866341499e-07	5.71135240349543e-08
0.9550000000000001	1.141621009884183e-07	3.032730335999745e-08	4.649224500093196e-09	2.2046883482088463e-09	4.124473388962762e-09	1.8303429173482065e-09	1.3046265437088312e-08	2.306245556706208e-09	1.3885055328041113e-08	2.5683809910745393e-09	2.0326584092511354e-08	7.398669715235699e-09	7.2950134651284504e-09	1.7090342013205956e-09	1.774887172002435e-07	3.183095444480791e-08
0.965	9.350682491622796e-08	1.9175946807215184e-08	3.353658946153708e-09	1.7582924205176364e-09	5.432791528431898e-09	2.271918179788056e-09	1.1697252018177022e-08	4.361900709998702e-09	1.1564365935885849e-08	2.3178072471100715e-09	2.032703601942152e-08	1.0380005530451123e-08	5.121047292670308e-09	1.3689708385399295e-09	1.5100297665696824e-07	3.0503350557092495e-08
0.975	7.238587327757345e-08	2.4038241513217402e-08	4.1313074144885435e-09	1.6066121578404384e-09	4.0290793587717075e-09	2.0102825312358357e-09	1.0707944796201834e-08	2.2611665087753694e-09	1.0139444075420728e-08	3.1676033757153577e-09	1.3254038991069632e-08	7.523553473712425e-09	4.6867929368657915e-09	2.147038028258502e-09	1.193344808503917e-07	2.847417325645463e-08
0.985	7.563410663488052e-08	2.0897950299769946e-08	2.663292140970167e-09	1.4957529240572828e-09	3.4907031782358707e-09	1.2389222820327497e-09	1.0035514202813536e-08	3.820354793663613e-09	9.364658326867505e-09	2.104249928527536e-09	1.6826906751361852e-08	1.0213299772119513e-08	4.063605334226075e-09	1.891247874815044e-09	1.220787865693555e-07	2.4037541128989465e-08
0.995	7.26235357953907e-08	3.1590675335022806e-08	3.6332882156002924e-09	1.68322590554649e-09	2.9103174393743182e-09	9.618346142842567e-10	8.694173381541662e-09	2.409566870219298e-09	9.175966176287642e-09	2.434257483302478e-09	1.4459531165303669e-08	4.4394970360215515e-09	5.077921831206541e-09	3.2350136395068147e-09	1.1657473400470483e-07	3.5752659545470414e-08
1.005	7.107206451847727e-08	2.8400167758269162e-08	2.5089277117594995e-09	1.758892189097339e-09	3.3282477447718054e-09	1.4457280858856157e-09	6.376300832195242e-09	2.0002766767385354e-09	8.37324626224859e-09	2.702960141924522e-09	1.0847734220337423e-08	3.412888250868475e-09	4.061114790666751e-09	1.9367873680274956e-09	1.0656763608045657e-07	3.0959452911289037e-08
1.015	6.262544192572496e-08	3.068269361491441e-08	2.71654872470786e-09	1.1724884139482233e-09	2.2481763941260297e-09	1.0621833064079978e-09	6.892441971867368e-09	3.222326513617057e-09	7.388975168354347e-09	1.937976328740883e-09	7.386044921257094e-09	3.341513126066199e-09	3.2145754543459996e-09	1.8761205620730783e-09	9.247220456038367e-08	3.284733260055482e-08
1.025	5.110669077146425e-08	1.7121513998180858e-08	2.5413060572301832e-09	2.104543096124852e-09	2.445338300724749e-09	1.0647077021405788e-09	6.064384393114643e-09	2.4304712396250315e-09	6.123537715889006e-09	2.7585065063291554e-09	8.082907152977845e-09	4.127415554502413e-09	3.24972462963944e-09	1.3467194670098672e-09	7.961388902104012e-08	2.0054487014295926e-08
1.035	5.365697181634629e-08	3.272155148606393e-08	2.0688557885288083e-09	1.5450539887302241e-09	1.9256972871535663e-09	8.328890892192133e-10	6.4111279103316196e-09	3.1787438418918033e-09	5.553847040146039e-09	2.2096488981031625e-09	9.257892074824086e-09	7.3705170116761905e-09	3.3617585185439415e-09	1.7485365952932548e-09	8.223615043587435e-08	4.072498105526151e-08
1.045	4.343654994188334e-08	2.0547554878328637e-08	1.4813504303198487e-09	7.712345954781451e-10	2.1674773526594027e-09	1.3629220604253894e-09	4.451054345904824e-09	1.9003289136078124e-09	4.984281934311879e-09	2.0763108303276934e-09	1.041882723004667e-08	5.6712548882158e-09	2.641936428344788e-09	1.22336433698941e-09	6.958147766347075e-08	2.20663018417541e-08
1.055	3.24359894472735e-08	1.2291631693050158e-08	1.5855187453328515e-09	1.7608688606898046e-09	1.8239255583442657e-09	1.4466231283697327e-09	4.620103687059918e-09	1.6021508407803464e-09	5.204821054259525e-09	1.7492558475513383e-09	6.845888851236437e-09	4.8079336383772805e-09	3.47823550912604e-09	1.786567642564371e-09	5.599448285263254e-08	1.3795377247993717e-08
1.065	3.16437942985205e-08	2.1610699677951738e-08	1.3188033938806614e-09	8.130094323833441e-10	2.054699915354662e-09	1.549445955695071e-09	4.8946852299449894e-09	1.904422840525874e-09	5.220891227535859e-09	1.429330230753298e-09	6.17991161013319e-09	4.8132865696302485e-09	2.28888652783041e-09	7.631827008891668e-10	5.360167220320027e-08	2.418498643212103e-08
1.075	2.952858315790701e-08	1.5907359525915438e-08	1.254041896952585e-09	7.411507641788251e-10	1.6455451343537123e-09	1.041476274935974e-09	4.0015486125347295e-09	2.1530908824869196e-09	4.88311682813189e-09	2.068430318565022e-09	4.092979163528845e-09	2.529058244646719e-09	1.9757164138988035e-09	1.692654470388179e-09	4.738153120730758e-08	1.740781747282331e-08
1.085	3.046306134064241e-08	1.6476379413386773e-08	8.638462907190932e-10	6.268502333784956e-10	1.7194337223641537e-09	1.4266521560292503e-09	3.905721377236116e-09	1.4713567968235247e-09	3.439805437493787e-09	1.1191816197888066e-09	6.584150238648013e-09	4.3828228926211784e-09	1.9481010141216314e-09	1.2132123122559512e-09	4.89241194212252e-08	2.0409370422498773e-08
1.095	2.491073585629915e-08	1.276265623799162e-08	9.70899413681702e-10	9.90356334866676e-10	2.014702302268849e-09	1.534590329787997e-09	2.665379261160355e-09	1.4396145174481764e-09	3.318662822068741e-09	1.617175789490688e-09	5.6926453074201694e-09	3.620017715031224e-09	1.6788485157057167e-09	8.007810031671725e-10	4.12518734786047e-08	1.3054718624264989e-08
1.105	1.9016883701269906e-08	9.506013703857603e-09	8.801501078929875e-10	9.638946984696965e-10	1.4635381504769804e-09	7.874244186240318e-10	3.270660074573913e-09	1.3664098427308141e-09	3.055607153253632e-09	1.5148789793162062e-09	6.065326392270095e-09	4.974139198328492e-09	1.2792349889123706e-09	9.75073288484386e-10	3.5031400568649884e-08	1.3962767046503043e-08
1.115	1.981826796607387e-08	1.2030610588970791e-08	7.387482017534806e-10	5.141558892600483e-10	9.005022648286474e-10	8.866712942906535e-10	4.021675949101197e-09	1.5691084185333465e-09	2.386955218934739e-09	1.098168675993637e-09	3.799688828773231e-09	3.4113760456707508e-09	1.2034785603804217e-09	9.596267701994914e-10	3.2869316989845584e-08	1.3752481906036906e-08
1.125	2.7475984171316502e-08	1.8659352633642668e-08	7.259190774123e-10	9.423855617122773e-10	9.122228026555793e-10	6.73596740885781e-10	2.2324411573247933e-09	1.548445656958424e-09	2.3522528653532184e-09	1.0651845682835545e-09	3.655079387710177e-09	2.423051726519757e-09	1.4163781109138117e-09	8.486753786673152e-10	3.877027757268638e-08	1.8451527654963667e-08
1.135	2.3170608637841068e-08	9.805259357144504e-09	5.850979213323392e-10	6.04442648825372e-10	3.706828460670696e-10	3.7144780035055115e-10	2.000868211231416e-09	1.0511712404955225e-09	1.8521448389727732e-09	1.5904219845761845e-09	5.259515658054538e-09	4.25262391645595e-09	1.3215989320048973e-09	1.0331314376081013e-09	3.4560517045504095e-08	1.3228976034853114e-08
1.145	1.9813805320445596e-08	1.3126280797953964e-08	7.686488612892222e-10	4.92820139588272e-10	9.186136274851804e-10	8.916254452277769e-10	2.469503511835902e-09	1.896936395519158e-09	2.1494549523247466e-09	6.68350227800342e-10	3.92481098942949e-09	4.292449929151467e-09	1.4667488600293957e-09	1.0718745067187635e-09	3.151158612283953e-08	1.4144091077227266e-08
1.155	9.324278109524696e-09	3.866820479552428e-09	3.819731290612514e-10	2.7274767079770494e-10	5.89923756389048e-10	6.806810020229788e-10	2.0749525984984994e-09	1.7313299369126776e-09	2.7039876451157387e-09	1.5821744921407218e-09	5.3737509525118215e-09	4.541835111044506e-09	8.397906324954864e-10	8.399461520919936e-10	2.128865682359654e-08	8.508371010470047e-09
1.1649999999999998	1.0562050256087873e-08	9.277313585984654e-09	6.602126120154296e-10	4.2569761167984014e-10	1.2042389754955354e-09	7.541333377353881e-10	1.4295950923526168e-09	8.48690939099529e-10	1.6375046558705788e-09	1.2845013553002204e-09	3.128464145075385e-09	2.0885435865665126e-09	8.011488017802179e-10	8.212509825614032e-10	1.942321453867764e-08	1.071778180839494e-08
1.1749999999999998	1.3740038220609557e-08	9.237098595064882e-09	3.750775480336687e-10	3.4034971324090147e-10	5.798018779357916e-10	4.846239478663675e-10	1.688725553011278e-09	1.0711407644811684e-09	1.4643026286987582e-09	8.288563240888885e-10	3.714575628891643e-09	5.286350790814755e-09	8.271561434545724e-10	8.906105571717248e-10	2.238967760063527e-08	9.981595495232596e-09
1.1849999999999998	1.2382494503968439e-08	5.685436471599072e-09	5.564130497179253e-10	4.1530547621253737e-10	3.221204546806891e-10	3.8364049662862444e-10	1.87651375474377e-09	1.0159872973768125e-09	1.9739040125438863e-09	1.0608241743470281e-09	3.5705705279508893e-09	4.141488891603374e-09	8.069911596163626e-10	8.382905714507025e-10	2.148900746322196e-08	9.249651305984559e-09
1.1949999999999998	1.3080452474723442e-08	9.542402625328813e-09	4.4315775122802645e-10	4.954423423100019e-10	6.962887968278436e-10	6.730409475763877e-10	1.767305800437507e-09	1.1127507833549402e-09	1.125637652622024e-09	7.896196366330146e-10	1.2540227415056608e-09	1.2841587586311035e-09	4.760925389864081e-10	7.11233460817296e-10	1.884295775633091e-08	1.0870294637022737e-08
1.2049999999999998	1.042592849193162e-08	8.85964654330525e-09	4.450358305648749e-10	6.144020174801152e-10	5.697268951191491e-10	4.3834539839590543e-10	1.862478890146583e-09	1.6267495508879855e-09	8.911261788190586e-10	8.409087704009785e-10	2.454792740839232e-09	2.3390942540823917e-09	4.0013751554419196e-10	4.108102021208191e-10	1.7049226542964708e-08	7.32795939218499e-09
1.2149999999999999	1.2259476511205626e-08	7.522763804937274e-09	3.096083543214387e-10	5.262251367512275e-10	2.376646791861564e-10	3.3003346042866594e-10	1.8322215661732915e-09	7.903200076355798e-10	1.3212725047445536e-09	1.0545039931151943e-09	1.9247081729081383e-09	2.2494702133759284e-09	4.716108469970613e-10	3.5840883491598956e-10	1.8356562635536264e-08	8.63838456172159e-09
1.2249999999999999	9.398204400763043e-09	8.361828359381113e-09	3.725840603520428e-10	4.772204899097101e-10	2.3288901338519085e-10	3.203317076395382e-10	1.42681077367977e-09	1.3129999355982974e-09	9.949301369346082e-10	6.921992522667603e-10	2.233322108500158e-09	1.1736345507268337e-09	4.4429070746895816e-10	5.014534839540179e-10	1.510303120108377e-08	8.819041672201986e-09
1.2349999999999999	4.672947595646997e-09	3.3289388128348432e-09	3.425553903114711e-10	3.8068970303324035e-10	1.4918612088335994e-10	1.7265876388561828e-10	9.799612013014251e-10	6.048447917209504e-10	7.703577729423685e-10	6.611626143156282e-10	2.4083103023622455e-09	4.7141333787675024e-09	4.4024467172118795e-10	4.531196863818639e-10	9.763563055169056e-09	5.3013385931499074e-09
1.2449999999999999	5.3546641983800514e-09	6.301215875563417e-09	1.9946168088895641e-10	1.8862507387048837e-10	1.302335332324921e-10	2.2941329862012918e-10	8.048325007638055e-10	6.665773787463517e-10	6.488957938029819e-10	5.925015969266413e-10	1.1194080415179768e-09	1.6828729300590262e-09	5.539931946787794e-10	5.169838534249766e-10	8.811488943265044e-09	7.335924788218076e-09
1.255	2.062606188388214e-09	2.6546109893703512e-09	1.8669123272870878e-10	2.0572110710281332e-10	1.0273058960955071e-10	1.8840373037655276e-10	7.001202444337171e-10	4.5196421875118593e-10	8.84214089177655e-10	9.119683791839212e-10	8.828098033293706e-10	1.609290495469833e-09	6.31580671366481e-10	8.694717931291825e-10	5.450752819033697e-09	3.44205392326434e-09
1.265	5.748424400692123e-09	4.332303773517132e-09	7.25394132992159e-11	1.4436000687607383e-10	3.207053360964746e-10	4.968721329398475e-10	7.197450893030823e-10	7.194043904414415e-10	9.193118618461905e-10	5.701213444934618e-10	9.818547539822515e-10	2.10767746787554e-09	6.444413148882915e-10	5.302646792751576e-10	9.407022170107628e-09	5.605522350244011e-09
1.275	7.726633440977928e-09	5.05161297242063e-09	3.3486014631882373e-10	3.088186058902027e-10	1.6549893675986463e-10	2.2554279652385264e-10	5.791651149386089e-10	4.88388029000157e-10	4.673859320271597e-10	3.9052060985245335e-10	1.606561208940635e-09	3.442674110624853e-09	4.814453900283708e-10	5.030223801827963e-10	1.1361550169991391e-08	6.29295394675292e-09
1.285	9.9588475910051e-09	8.456496118828044e-09	1.4657488979902343e-10	2.652385691796443e-10	5.5797447739756634e-11	9.626037123821024e-11	4.930834753161319e-10	4.823541568278934e-10	8.501077610637586e-10	7.782456450584988e-10	4.124892822317743e-10	9.043126103538166e-10	2.994617263231971e-10	3.429084104146422e-10	1.2216362173478741e-08	8.956751864085063e-09
1.295	5.13792003114578e-09	4.001900505663809e-09	1.5471558777812392e-10	2.971670274004706e-10	7.523087103386299e-11	1.5600840572087993e-10	7.895303204733697e-10	8.517850583427573e-10	4.397120771504504e-10	4.417524440513091e-10	2.493364889171608e-09	5.108162559692703e-09	1.460177315448507e-10	1.9794388614317093e-10	9.236491508298048e-09	6.606383369920934e-09
1.305	1.265586715404647e-09	1.7920203505696159e-09	1.1590903429359058e-10	2.1400760583533387e-10	1.5361833724162837e-10	2.683145424058047e-10	4.447380954689575e-10	4.186430191595994e-10	6.938989950350181e-10	6.011607657902203e-10	2.8803545648532954e-10	4.243692322533365e-10	1.4831884647211176e-10	1.9227887404449166e-10	3.1101054804012825e-09	1.6915799324302326e-09
1.315	4.21658893064411e-09	3.424542309789497e-09	9.441163204909586e-11	1.91910226083859e-10	9.785331408312792e-11	1.6195632031030623e-10	3.3602859934632775e-10	3.80144421693366e-10	4.893278768574736e-10	3.3847689575722287e-10	1.3471625868142856e-09	3.3790076097805173e-09	3.4302767221169227e-10	4.4770539101084e-10	6.924400612006113e-09	6.121423982164675e-09
1.325	3.758549556881893e-09	5.187030045178009e-09	7.813141268034712e-11	1.4531478067263286e-10	5.262745973590376e-11	1.5693828760474425e-10	4.587995404753221e-10	4.450943329213574e-10	3.251444150212363e-10	5.534489507304096e-10	2.44261809897016e-09	5.49397157693242e-09	1.8845989593219418e-10	3.407020108582521e-10	7.304330379697056e-09	9.439944991476525e-09
1.335	5.349602945881375e-09	9.934283002546223e-09	8.141735692586645e-11	1.3300164632708108e-10	1.5168037932957895e-10	2.2848056288653209e-10	4.678502461258106e-10	4.942844195857092e-10	3.2257659130240337e-10	3.4152634820108796e-10	1.4548852580799596e-09	3.1780489770657768e-09	2.6931652057404263e-10	2.848012038941439e-10	8.097329298219034e-09	1.0653380637399358e-08
1.345	2.5597357838755628e-09	3.052511151990804e-09	7.365767020465303e-11	1.4754433126305175e-10	8.737709958020316e-11	1.9231287131171323e-10	4.1539416114265693e-10	4.694640466233559e-10	2.399071965319239e-10	2.979130705847316e-10	1.6034462962951302e-10	3.5579803397087734e-10	2.0518206008022094e-10	3.0471934077615253e-10	3.741598601044733e-09	2.9997258534525467e-09
1.355	1.678847541035928e-09	2.5577474731884672e-09	2.4149464403110096e-12	6.834598433232523e-12	7.61820863476337e-13	1.2758910719394694e-12	3.290670081890638e-10	3.57940895103223e-10	4.314667900614775e-10	4.245628708697818e-10	2.6950790310024387e-10	5.016432964123668e-10	3.2168730981065785e-10	4.348846590875252e-10	3.0337533195011577e-09	3.139199393202719e-09
1.365	2.710684050451438e-09	4.210945623924609e-09	4.267784382023383e-11	5.4777947253505436e-11	8.480387173301637e-12	2.3091097517236936e-11	1.042351979090889e-10	2.115266931931684e-10	1.7784743286843384e-10	3.254854745163634e-10	1.4296212132530204e-09	3.5546243977421584e-09	8.358073519711525e-11	1.7336986864260386e-10	4.557126860672632e-09	4.985795610324546e-09
1.375	8.733991654670431e-10	1.6958904259671827e-09	4.0774023308704264e-11	6.310597957641206e-11	6.5139914330826e-13	1.4127062503640186e-12	3.9130826265643974e-10	5.232611373120525e-10	1.4146293335426303e-10	2.3926267632857597e-10	2.729699618862178e-09	7.767058427729273e-09	5.605874652782195e-11	8.416941496798932e-11	4.233354149319759e-09	8.252371435044909e-09
1.385	4.843977906871596e-10	1.3661364541026577e-09	2.1622645646754045e-13	4.5173345794178667e-13	7.484065353091261e-11	2.1500670753431104e-10	4.295621729398775e-10	5.873891825201309e-10	3.265067325205061e-10	3.1738944829725446e-10	2.9616946818947424e-11	8.754811168867113e-11	1.0110915667080216e-10	1.5519102324697474e-10	1.4462496796246729e-09	1.456275386655131e-09
1.395	6.13296171898473e-10	1.836177652604772e-09	5.607277303135045e-11	1.1789513073530297e-10	7.243482637352385e-11	1.2928885884381995e-10	3.293614743794689e-10	3.811148776784841e-10	8.096092354720574e-11	1.4070197412305811e-10	9.533153458978145e-11	2.1053898004783284e-10	7.041478279399206e-11	1.5957113898330338e-10	1.3178724866137952e-09	2.0242012053544738e-09
1.405	9.30180314146973e-10	1.1780991319030338e-09	5.468391568754963e-11	1.6022912974965593e-10	2.2631274659025142e-13	4.771020152086866e-13	1.3763430351281908e-10	2.2198383661259033e-10	1.791717822902446e-10	2.4626397516341833e-10	1.9248911835494438e-10	4.0048349188380984e-10	2.5957250425144327e-10	4.174850111369921e-10	1.7539582509905644e-09	1.624674297664212e-09
1.4149999999999998	2.714565477128834e-09	2.5017678925467378e-09	1.1559225107726155e-11	3.100020347826155e-11	1.5672855217160256e-11	3.5662683028668555e-11	2.3259604996467048e-10	3.617567265420333e-10	2.6060898560436444e-10	3.671527512617446e-10	1.600072589583763e-09	4.2469766246575236e-09	2.3205748250685354e-11	4.125691599112959e-11	4.858280930857204e-09	6.2573307497660905e-09
1.4249999999999998	6.974131117613946e-10	1.8949926006573343e-09	3.200956178130854e-11	7.496986902408668e-11	3.012284773691926e-11	9.036725189980735e-11	2.371326138101881e-10	3.206977215129423e-10	1.4299883072185835e-10	2.018463531874495e-10	0.0	0.0	1.501966705697329e-10	2.4346904321135657e-10	1.289873636381402e-09	1.977137501894717e-09
1.4349999999999998	7.023446484954286e-10	1.3835894856322818e-09	2.9466242611331604e-11	7.153923374253868e-11	5.854777073299275e-11	1.4852804085103837e-10	1.7230424655748354e-10	2.8971991826825966e-10	2.273106715432207e-10	2.619583174196994e-10	1.5934764420410887e-10	4.780429326123265e-10	1.0088725653203758e-11	2.9192238273743014e-11	1.3594099497977696e-09	1.544672195812949e-09
1.4449999999999998	1.4410158424536776e-09	2.887528511970378e-09	3.394425238564753e-13	6.180076350208529e-13	3.5919691704453764e-12	9.946013806080601e-12	6.533497010608674e-11	1.327638888909067e-10	1.5148436123280632e-10	2.265775565530599e-10	1.2659141436000234e-10	3.7833774990953246e-10	2.3043843370732625e-11	6.913153011219788e-11	1.8114018432176074e-09	2.9481125697423115e-09
1.4549999999999998	7.706036634563096e-10	2.306174523076822e-09	5.6374126813965025e-11	1.1383711464397045e-10	1.669809017607808e-13	5.009427052823425e-13	1.696800748248383e-10	3.436735020094357e-10	4.809766434197766e-11	1.2417546269384376e-10	5.7809758715714743e-11	1.5525603468977365e-10	2.37990398358319e-10	4.4684698257886993e-10	1.3407226674128855e-09	2.340143427993621e-09
1.4649999999999999	2.935692026465754e-10	8.418216903451234e-10	4.67749595918724e-13	6.279928555145606e-13	1.1983281062204806e-10	1.5497407560023598e-10	1.265291953366294e-10	3.4098082579170227e-10	1.5850075388407336e-10	3.201384096483307e-10	9.014775681763284e-12	2.704432704528985e-11	1.1962828260820583e-10	3.020980514477893e-10	8.275427703752141e-10	1.2625837656959936e-09
1.4749999999999999	2.086783764234836e-09	4.211664887298057e-09	4.535699577378752e-13	7.060592409469096e-13	7.121113787474594e-12	1.4705471658708514e-11	4.792690396956937e-11	1.0134648317765623e-10	1.5962801478485425e-10	3.454973505680687e-10	1.7051356855148466e-09	5.11540705654454e-09	3.725086520703583e-13	1.1175259562110747e-12	4.007421560901389e-09	6.089623017914062e-09
1.4849999999999999	1.992428112682938e-09	3.1669898184177764e-09	2.0494535978558018e-11	6.069341395322721e-11	1.032241946731254e-11	3.096725840193763e-11	1.0160307890631103e-10	1.621041591201989e-10	4.9613752385672603e-11	1.0900223397691232e-10	6.989893913547752e-10	2.0959590671153045e-09	3.616100405485e-11	1.0848301216455001e-10	2.909612294830418e-09	4.236100703382647e-09
1.4949999999999999	7.67853043176986e-11	2.2903593230323257e-10	1.515029209304929e-13	3.5116362510001445e-13	3.0681521682104575e-11	8.622524878381295e-11	1.406297196775714e-10	1.8650839152100053e-10	6.795488437689361e-11	1.221376000829866e-10	1.9661083700446214e-09	5.061222325640854e-09	5.1233543202685723e-11	1.0523069009662761e-10	2.3335448462225057e-09	5.3843760500917736e-09
1.505	1.175036027413202e-12	2.535735999117281e-12	2.2859173836679585e-13	6.857752151003876e-13	0.0	0.0	9.80832324205953e-11	2.1724932474423564e-10	1.4531260351402156e-10	2.763764695628362e-10	3.299691704931745e-13	9.899075114795234e-13	3.6574814969299667e-11	9.81378468127768e-11	2.8170424784018973e-10	3.8141842809163844e-10
1.515	2.193154739434186e-10	4.5127496038133926e-10	9.526403177811116e-12	1.9605043617677957e-11	0.0	0.0	4.749984929996399e-11	1.028357279429129e-10	1.6688546143757402e-11	4.340928606721897e-11	4.165362198707167e-13	1.2496086596121501e-12	1.9779580971972044e-11	5.90972641974762e-11	3.132263897567939e-10	4.65163174084464e-10
1.525	5.365534458832159e-10	1.6076703295070935e-09	1.981804783170258e-11	5.945414349510776e-11	1.6734334883851118e-13	5.020300465155335e-13	1.7331275409818794e-10	3.4134822599187095e-10	6.416055161668423e-11	1.3484600806958763e-10	1.4180183761664824e-11	4.254055128499447e-11	1.7937103365021252e-11	5.381131009506376e-11	8.261294299053153e-10	1.5465543904940162e-09
1.535	1.4481827105345928e-10	3.6665664640763444e-10	3.5483176764547076e-14	1.0537065164121564e-13	2.122349486088582e-13	6.367048458265748e-13	6.125463272373002e-14	1.8376389817119007e-13	5.195801259874165e-11	1.5515413025407904e-10	0.0	0.0	1.2196909017886005e-10	2.655639764890392e-10	3.190543465891581e-10	4.086963164018306e-10
1.545	6.674266914064678e-10	2.0022800742194027e-09	0.0	0.0	0.0	0.0	9.405348616631089e-14	2.8216045849893267e-13	7.202185288911577e-11	1.4685880383464523e-10	0.0	0.0	2.1439409896596254e-10	5.344623508138172e-10	9.539366967477123e-10	2.1094497941846224e-09
1.555	1.241484153573247e-10	3.686833556416485e-10	2.097474903013742e-13	4.1975864877587215e-13	3.0964180717979955e-11	9.289138102839135e-11	1.5205769960278447e-11	3.279289308294045e-11	1.1153972059749756e-10	3.346191617924927e-10	0.0	0.0	1.1524720860315252e-12	2.8495578700122308e-12	2.832203062094136e-10	4.799534251591569e-10
1.565	0.0	0.0	1.6447351343808326e-13	4.922911925191753e-13	3.52740310991222e-16	1.058220932973666e-15	7.623336635051672e-11	1.4754202914327881e-10	8.317285775694134e-11	1.677257734137451e-10	1.508479091874158e-09	4.525437275622473e-09	0.0	0.0	1.6680501422353649e-09	4.597004273670063e-09
1.575	1.1474474242673967e-09	2.308909907807523e-09	0.0	0.0	1.5642681968558946e-13	4.692804590567686e-13	5.375995026978459e-11	1.4695860269492282e-10	7.180233315471481e-11	1.5711988781649992e-10	0.0	0.0	1.058956484128319e-10	2.3711701302345326e-10	1.3790617829244136e-09	2.290598238510516e-09
1.585	1.5487708110813237e-09	4.037146610534225e-09	0.0	0.0	1.5771434616574372e-11	4.731430384972311e-11	1.8843159794028807e-11	5.6529479382086416e-11	1.1198607026584818e-10	2.0670620006037587e-10	0.0	0.0	2.1190592290015509e-13	6.357177687004654e-13	1.6955833816806755e-09	3.985447273113745e-09
1.595	5.546137989653168e-13	1.6638413968959505e-12	0.0	0.0	0.0	0.0	6.749669281085167e-11	1.2275986648734009e-10	1.0096956383572759e-10	1.5949522049618674e-10	0.0	0.0	8.436480901708576e-14	2.530944270512573e-13	1.6910523525456167e-10	2.395357246732234e-10
1.605	6.642964806570923e-10	1.992889441971277e-09	0.0	0.0	0.0	0.0	1.1796079636372501e-11	3.538823890911751e-11	1.7102965487702384e-11	5.0943874939652155e-11	0.0	0.0	2.7223680400681077e-12	7.163870594282635e-12	6.959178938212353e-10	1.9831901634532755e-09
1.615	8.602495662506122e-10	2.580748698751837e-09	0.0	0.0	0.0	0.0	3.752959291892387e-11	1.1235548605017785e-10	0.0	0.0	0.0	0.0	0.0	0.0	8.977791591695361e-10	2.570664888563801e-09
1.625	7.673321232209434e-10	2.3019963696628303e-09	4.923969652265404e-14	1.4663367388326884e-13	4.534306914187748e-12	1.3165317601148845e-11	1.608149500562379e-11	4.824448501687136e-11	1.8659535237798716e-11	5.551618607349834e-11	0.0	0.0	9.475691226825348e-13	2.842707368047605e-12	8.076042691977589e-10	2.2898931685705265e-09
1.635	0.0	0.0	1.099616490922806e-13	3.2988494727684184e-13	0.0	0.0	8.017703289544039e-11	2.3982903783484787e-10	4.569805369874611e-13	1.3709416109623833e-12	0.0	0.0	6.70360053906496e-11	2.0110801617194876e-10	1.4777998047216973e-10	2.950406653120827e-10
1.645	0.0	0.0	2.7331476482837453e-13	8.199442944851236e-13	0.0	0.0	0.0	0.0	2.1058577027287828e-11	6.317573108186349e-11	2.2476913306420874e-11	6.743073991926263e-11	1.3895794868377381e-13	4.1687384605132144e-13	4.3947763047220854e-11	8.728547486935553e-11
1.655	9.898082318784462e-10	2.036855000515025e-09	0.0	0.0	0.0	0.0	0.0	0.0	1.0759664686335725e-13	3.227899405900718e-13	1.0491957444761389e-09	3.147587233428416e-09	4.125146112625745e-13	1.2375438337877237e-12	2.0395240876127107e-09	3.461100524929453e-09
1.665	6.064801280523561e-10	1.8172436296486599e-09	0.0	0.0	0.0	0.0	5.718059557544041e-11	1.5703832509955443e-10	2.647994608804312e-12	7.943983826412936e-12	0.0	0.0	0.0	0.0	6.663087182366009e-10	1.803952308560383e-09
1.6749999999999998	1.2985995593011995e-13	3.8957986779035984e-13	0.0	0.0	0.0	0.0	0.0	0.0	2.0579722061278716e-13	4.139438047912335e-13	0.0	0.0	1.5340456532487323e-12	4.602136959746197e-12	1.8697028297916396e-12	4.824355000513288e-12
1.6849999999999998	0.0	0.0	0.0	0.0	0.0	0.0	9.703062406608215e-11	2.6755798565301554e-10	0.0	0.0	0.0	0.0	1.6609749961002167e-13	4.982924988300649e-13	9.719672156569216e-11	2.6805461709779916e-10
1.6949999999999998	1.4145338886408169e-10	4.2436016659224506e-10	0.0	0.0	0.0	0.0	3.53135915927267e-11	1.0561066410146861e-10	0.0	0.0	0.0	0.0	1.2003626965127048e-11	3.601088089538115e-11	1.8877060742193543e-10	4.321479160700664e-10
1.7049999999999998	0.0	0.0	0.0	0.0	0.0	0.0	4.714955095027184e-11	1.414486528508155e-10	0.0	0.0	0.0	0.0	2.1784718429345305e-13	6.535415528803593e-13	4.736739813456529e-11	1.4210219440369587e-10
1.7149999999999999	0.0	0.0	1.373414760444771e-14	4.120244281334314e-14	0.0	0.0	0.0	0.0	7.594892105186114e-14	2.2784676315558343e-13	0.0	0.0	3.748699414458688e-12	1.124609824337606e-11	3.838382483114996e-12	1.1218460748567008e-11
1.7249999999999999	0.0	0.0	0.0	0.0	0.0	0.0	0.0	0.0	7.156388028625967e-14	2.1469164085877907e-13	0.0	0.0	2.1433541461826364e-13	6.430062438547909e-13	2.858992949045233e-13	6.548833349423294e-13
1.7349999999999999	3.1679840706533893e-13	9.503952211960166e-13	0.0	0.0	0.0	0.0	0.0	0.0	2.005756109906752e-11	6.017268329720256e-11	0.0	0.0	0.0	0.0	2.037435950613286e-11	6.007450923187231e-11
1.7449999999999999	0.0	0.0	7.519798328115191e-13	2.255939498434557e-12	0.0	0.0	0.0	0.0	8.062930088022384e-14	2.4188790264067156e-13	0.0	0.0	9.820770670085139e-11	2.946231201025542e-10	9.904031583454314e-11	2.9435399121012373e-10
1.755	1.8382749342194786e-11	5.514824802658436e-11	0.0	0.0	0.0	0.0	0.0	0.0	0.0	0.0	0.0	0.0	0.0	0.0	1.8382749342194786e-11	5.514824802658436e-11
1.765	0.0	0.0	0.0	0.0	0.0	0.0	0.0	0.0	3.376202333050457e-11	1.012860699915137e-10	0.0	0.0	1.1348284062170256e-11	3.4044852186510774e-11	4.511030739267483e-11	1.0320677241436633e-10
1.775	0.0	0.0	1.704695631972881e-13	5.114086895918643e-13	0.0	0.0	0.0	0.0	0.0	0.0	0.0	0.0	0.0	0.0	1.704695631972881e-13	5.114086895918643e-13
1.785	0.0	0.0	0.0	0.0	0.0	0.0	0.0	0.0	0.0	0.0	0.0	0.0	0.0	0.0	0.0	0.0
1.795	1.5121487465817795e-09	4.5364462397453386e-09	0.0	0.0	0.0	0.0	0.0	0.0	0.0	0.0	0.0	0.0	2.7885785518721716e-12	8.365735655616516e-12	1.5149373251336518e-09	4.535524333581374e-09
1.805	7.358741657934148e-10	2.2076224973802444e-09	0.0	0.0	0.0	0.0	0.0	0.0	0.0	0.0	0.0	0.0	0.0	0.0	7.358741657934148e-10	2.2076224973802444e-09
1.815	1.9008685045236683e-11	5.7026055135710056e-11	1.8434264441797867e-12	5.256133861199251e-12	0.0	0.0	0.0	0.0	0.0	0.0	0.0	0.0	0.0	0.0	2.0852111489416468e-11	5.665258760325903e-11
1.825	0.0	0.0	0.0	0.0	0.0	0.0	0.0	0.0	5.946940590733715e-13	1.7840821772201148e-12	0.0	0.0	4.617073493745853e-12	1.3851220481237556e-11	5.2117675528192245e-12	1.37676347162778e-11
1.835	1.293742171797746e-11	3.881226515393239e-11	0.0	0.0	0.0	0.0	4.263241400963504e-12	1.2789724202890511e-11	0.0	0.0	0.0	0.0	1.0896014045224237e-13	3.268804213567271e-13	1.7309623259393208e-11	3.980213575935848e-11
1.845	0.0	0.0	0.0	0.0	0.0	0.0	0.0	0.0	0.0	0.0	0.0	0.0	0.0	0.0	0.0	0.0
1.855	0.0	0.0	0.0	0.0	0.0	0.0	5.84939074719611e-14	1.7548172241588334e-13	0.0	0.0	0.0	0.0	0.0	0.0	5.84939074719611e-14	1.7548172241588334e-13
1.865	0.0	0.0	0.0	0.0	0.0	0.0	0.0	0.0	0.0	0.0	0.0	0.0	0.0	0.0	0.0	0.0
1.875	6.891338056728435e-10	2.0674014170185303e-09	0.0	0.0	0.0	0.0	0.0	0.0	0.0	0.0	0.0	0.0	0.0	0.0	6.891338056728435e-10	2.0674014170185303e-09
1.885	0.0	0.0	0.0	0.0	0.0	0.0	0.0	0.0	0.0	0.0	0.0	0.0	0.0	0.0	0.0	0.0
1.895	0.0	0.0	0.0	0.0	0.0	0.0	0.0	0.0	0.0	0.0	0.0	0.0	0.0	0.0	0.0	0.0
1.905	0.0	0.0	0.0	0.0	0.0	0.0	0.0	0.0	0.0	0.0	0.0	0.0	0.0	0.0	0.0	0.0
1.915	0.0	0.0	0.0	0.0	0.0	0.0	3.4900809411033186e-11	1.0470242823309955e-10	0.0	0.0	0.0	0.0	0.0	0.0	3.4900809411033186e-11	1.0470242823309955e-10
1.9249999999999998	0.0	0.0	0.0	0.0	0.0	0.0	0.0	0.0	0.0	0.0	0.0	0.0	0.0	0.0	0.0	0.0
1.9349999999999998	0.0	0.0	0.0	0.0	0.0	0.0	0.0	0.0	0.0	0.0	0.0	0.0	0.0	0.0	0.0	0.0
1.9449999999999998	0.0	0.0	0.0	0.0	0.0	0.0	0.0	0.0	0.0	0.0	0.0	0.0	0.0	0.0	0.0	0.0
1.9549999999999998	0.0	0.0	0.0	0.0	0.0	0.0	0.0	0.0	0.0	0.0	0.0	0.0	0.0	0.0	0.0	0.0
1.9649999999999999	0.0	0.0	0.0	0.0	0.0	0.0	0.0	0.0	0.0	0.0	0.0	0.0	0.0	0.0	0.0	0.0
1.9749999999999999	0.0	0.0	0.0	0.0	0.0	0.0	0.0	0.0	0.0	0.0	0.0	0.0	0.0	0.0	0.0	0.0
1.9849999999999999	0.0	0.0	0.0	0.0	0.0	0.0	0.0	0.0	0.0	0.0	0.0	0.0	0.0	0.0	0.0	0.0
1.9949999999999999	0.0	0.0	0.0	0.0	0.0	0.0	0.0	0.0	0.0	0.0	0.0	0.0	0.0	0.0	0.0	0.0
2.005	0.0	0.0	0.0	0.0	0.0	0.0	0.0	0.0	0.0	0.0	0.0	0.0	0.0	0.0	0.0	0.0
2.015	0.0	0.0	0.0	0.0	0.0	0.0	0.0	0.0	0.0	0.0	0.0	0.0	0.0	0.0	0.0	0.0
2.025	0.0	0.0	0.0	0.0	0.0	0.0	0.0	0.0	0.0	0.0	0.0	0.0	0.0	0.0	0.0	0.0
2.035	0.0	0.0	0.0	0.0	0.0	0.0	0.0	0.0	0.0	0.0	0.0	0.0	0.0	0.0	0.0	0.0
2.045	0.0	0.0	0.0	0.0	0.0	0.0	0.0	0.0	0.0	0.0	0.0	0.0	0.0	0.0	0.0	0.0
2.0549999999999997	0.0	0.0	0.0	0.0	0.0	0.0	0.0	0.0	0.0	0.0	0.0	0.0	0.0	0.0	0.0	0.0
2.065	0.0	0.0	0.0	0.0	0.0	0.0	0.0	0.0	0.0	0.0	0.0	0.0	0.0	0.0	0.0	0.0
2.0749999999999997	0.0	0.0	0.0	0.0	0.0	0.0	0.0	0.0	0.0	0.0	0.0	0.0	0.0	0.0	0.0	0.0
2.085	0.0	0.0	0.0	0.0	0.0	0.0	0.0	0.0	0.0	0.0	0.0	0.0	0.0	0.0	0.0	0.0
2.0949999999999998	0.0	0.0	0.0	0.0	0.0	0.0	0.0	0.0	0.0	0.0	0.0	0.0	0.0	0.0	0.0	0.0
2.105	0.0	0.0	0.0	0.0	0.0	0.0	0.0	0.0	0.0	0.0	0.0	0.0	0.0	0.0	0.0	0.0
2.1149999999999998	0.0	0.0	0.0	0.0	0.0	0.0	0.0	0.0	0.0	0.0	0.0	0.0	0.0	0.0	0.0	0.0
2.125	0.0	0.0	0.0	0.0	0.0	0.0	0.0	0.0	0.0	0.0	0.0	0.0	0.0	0.0	0.0	0.0
2.135	0.0	0.0	0.0	0.0	0.0	0.0	0.0	0.0	0.0	0.0	0.0	0.0	0.0	0.0	0.0	0.0
2.145	0.0	0.0	0.0	0.0	0.0	0.0	0.0	0.0	0.0	0.0	0.0	0.0	0.0	0.0	0.0	0.0
2.155	0.0	0.0	0.0	0.0	0.0	0.0	0.0	0.0	0.0	0.0	0.0	0.0	0.0	0.0	0.0	0.0
2.165	0.0	0.0	0.0	0.0	0.0	0.0	0.0	0.0	0.0	0.0	0.0	0.0	0.0	0.0	0.0	0.0
2.175	0.0	0.0	0.0	0.0	0.0	0.0	0.0	0.0	0.0	0.0	0.0	0.0	0.0	0.0	0.0	0.0
2.185	0.0	0.0	0.0	0.0	0.0	0.0	0.0	0.0	0.0	0.0	0.0	0.0	0.0	0.0	0.0	0.0
2.195	0.0	0.0	0.0	0.0	0.0	0.0	0.0	0.0	0.0	0.0	0.0	0.0	0.0	0.0	0.0	0.0
2.205	0.0	0.0	0.0	0.0	0.0	0.0	0.0	0.0	0.0	0.0	0.0	0.0	0.0	0.0	0.0	0.0
2.215	0.0	0.0	0.0	0.0	0.0	0.0	0.0	0.0	0.0	0.0	0.0	0.0	0.0	0.0	0.0	0.0
2.225	0.0	0.0	0.0	0.0	0.0	0.0	0.0	0.0	0.0	0.0	0.0	0.0	0.0	0.0	0.0	0.0
2.235	0.0	0.0	0.0	0.0	0.0	0.0	0.0	0.0	0.0	0.0	0.0	0.0	0.0	0.0	0.0	0.0
2.245	0.0	0.0	0.0	0.0	0.0	0.0	0.0	0.0	0.0	0.0	0.0	0.0	0.0	0.0	0.0	0.0
2.255	0.0	0.0	0.0	0.0	0.0	0.0	0.0	0.0	0.0	0.0	0.0	0.0	0.0	0.0	0.0	0.0
2.265	0.0	0.0	0.0	0.0	0.0	0.0	0.0	0.0	0.0	0.0	0.0	0.0	0.0	0.0	0.0	0.0
2.275	0.0	0.0	0.0	0.0	0.0	0.0	0.0	0.0	0.0	0.0	0.0	0.0	0.0	0.0	0.0	0.0
2.285	0.0	0.0	0.0	0.0	0.0	0.0	0.0	0.0	0.0	0.0	0.0	0.0	0.0	0.0	0.0	0.0
2.295	0.0	0.0	0.0	0.0	0.0	0.0	0.0	0.0	0.0	0.0	0.0	0.0	0.0	0.0	0.0	0.0
2.305	0.0	0.0	0.0	0.0	0.0	0.0	0.0	0.0	0.0	0.0	0.0	0.0	0.0	0.0	0.0	0.0
2.315	0.0	0.0	0.0	0.0	0.0	0.0	0.0	0.0	0.0	0.0	0.0	0.0	0.0	0.0	0.0	0.0
2.3249999999999997	0.0	0.0	0.0	0.0	0.0	0.0	0.0	0.0	0.0	0.0	0.0	0.0	0.0	0.0	0.0	0.0
2.335	0.0	0.0	0.0	0.0	0.0	0.0	0.0	0.0	0.0	0.0	0.0	0.0	0.0	0.0	0.0	0.0
2.3449999999999998	0.0	0.0	0.0	0.0	0.0	0.0	0.0	0.0	0.0	0.0	0.0	0.0	0.0	0.0	0.0	0.0
2.355	0.0	0.0	0.0	0.0	0.0	0.0	0.0	0.0	0.0	0.0	0.0	0.0	0.0	0.0	0.0	0.0
2.3649999999999998	0.0	0.0	0.0	0.0	0.0	0.0	0.0	0.0	0.0	0.0	0.0	0.0	0.0	0.0	0.0	0.0
2.375	0.0	0.0	0.0	0.0	0.0	0.0	0.0	0.0	0.0	0.0	0.0	0.0	0.0	0.0	0.0	0.0
2.385	0.0	0.0	0.0	0.0	0.0	0.0	0.0	0.0	0.0	0.0	0.0	0.0	0.0	0.0	0.0	0.0
2.395	0.0	0.0	0.0	0.0	0.0	0.0	0.0	0.0	0.0	0.0	0.0	0.0	0.0	0.0	0.0	0.0
2.405	0.0	0.0	0.0	0.0	0.0	0.0	0.0	0.0	0.0	0.0	0.0	0.0	0.0	0.0	0.0	0.0
2.415	0.0	0.0	0.0	0.0	0.0	0.0	0.0	0.0	0.0	0.0	0.0	0.0	0.0	0.0	0.0	0.0
2.425	0.0	0.0	0.0	0.0	0.0	0.0	0.0	0.0	0.0	0.0	0.0	0.0	0.0	0.0	0.0	0.0
2.435	0.0	0.0	0.0	0.0	0.0	0.0	0.0	0.0	0.0	0.0	0.0	0.0	0.0	0.0	0.0	0.0
2.445	0.0	0.0	0.0	0.0	0.0	0.0	0.0	0.0	0.0	0.0	0.0	0.0	0.0	0.0	0.0	0.0
2.455	0.0	0.0	0.0	0.0	0.0	0.0	0.0	0.0	0.0	0.0	0.0	0.0	0.0	0.0	0.0	0.0
2.465	0.0	0.0	0.0	0.0	0.0	0.0	0.0	0.0	0.0	0.0	0.0	0.0	0.0	0.0	0.0	0.0
2.475	0.0	0.0	0.0	0.0	0.0	0.0	0.0	0.0	0.0	0.0	0.0	0.0	0.0	0.0	0.0	0.0
2.485	0.0	0.0	0.0	0.0	0.0	0.0	0.0	0.0	0.0	0.0	0.0	0.0	0.0	0.0	0.0	0.0
2.495	0.0	0.0	0.0	0.0	0.0	0.0	0.0	0.0	0.0	0.0	0.0	0.0	0.0	0.0	0.0	0.0
2.505	0.0	0.0	0.0	0.0	0.0	0.0	0.0	0.0	0.0	0.0	0.0	0.0	0.0	0.0	0.0	0.0
2.515	0.0	0.0	0.0	0.0	0.0	0.0	0.0	0.0	0.0	0.0	0.0	0.0	0.0	0.0	0.0	0.0
2.525	0.0	0.0	0.0	0.0	0.0	0.0	0.0	0.0	0.0	0.0	0.0	0.0	0.0	0.0	0.0	0.0
2.535	0.0	0.0	0.0	0.0	0.0	0.0	0.0	0.0	0.0	0.0	0.0	0.0	0.0	0.0	0.0	0.0
2.545	0.0	0.0	0.0	0.0	0.0	0.0	0.0	0.0	0.0	0.0	0.0	0.0	0.0	0.0	0.0	0.0
2.555	0.0	0.0	0.0	0.0	0.0	0.0	0.0	0.0	0.0	0.0	0.0	0.0	0.0	0.0	0.0	0.0
2.565	0.0	0.0	0.0	0.0	0.0	0.0	0.0	0.0	0.0	0.0	0.0	0.0	0.0	0.0	0.0	0.0
2.5749999999999997	0.0	0.0	0.0	0.0	0.0	0.0	0.0	0.0	0.0	0.0	0.0	0.0	0.0	0.0	0.0	0.0
2.585	0.0	0.0	0.0	0.0	0.0	0.0	0.0	0.0	0.0	0.0	0.0	0.0	0.0	0.0	0.0	0.0
2.5949999999999998	0.0	0.0	0.0	0.0	0.0	0.0	0.0	0.0	0.0	0.0	0.0	0.0	0.0	0.0	0.0	0.0
2.605	0.0	0.0	0.0	0.0	0.0	0.0	0.0	0.0	0.0	0.0	0.0	0.0	0.0	0.0	0.0	0.0
2.6149999999999998	0.0	0.0	0.0	0.0	0.0	0.0	0.0	0.0	0.0	0.0	0.0	0.0	0.0	0.0	0.0	0.0
2.625	0.0	0.0	0.0	0.0	0.0	0.0	0.0	0.0	0.0	0.0	0.0	0.0	0.0	0.0	0.0	0.0
2.635	0.0	0.0	0.0	0.0	0.0	0.0	0.0	0.0	0.0	0.0	0.0	0.0	0.0	0.0	0.0	0.0
2.645	0.0	0.0	0.0	0.0	0.0	0.0	0.0	0.0	0.0	0.0	0.0	0.0	0.0	0.0	0.0	0.0
2.655	0.0	0.0	0.0	0.0	0.0	0.0	0.0	0.0	0.0	0.0	0.0	0.0	0.0	0.0	0.0	0.0
2.665	0.0	0.0	0.0	0.0	0.0	0.0	0.0	0.0	0.0	0.0	0.0	0.0	0.0	0.0	0.0	0.0
2.675	0.0	0.0	0.0	0.0	0.0	0.0	0.0	0.0	0.0	0.0	0.0	0.0	0.0	0.0	0.0	0.0
2.685	0.0	0.0	0.0	0.0	0.0	0.0	0.0	0.0	0.0	0.0	0.0	0.0	0.0	0.0	0.0	0.0
2.695	0.0	0.0	0.0	0.0	0.0	0.0	0.0	0.0	0.0	0.0	0.0	0.0	0.0	0.0	0.0	0.0
2.705	0.0	0.0	0.0	0.0	0.0	0.0	0.0	0.0	0.0	0.0	0.0	0.0	0.0	0.0	0.0	0.0
2.715	0.0	0.0	0.0	0.0	0.0	0.0	0.0	0.0	0.0	0.0	0.0	0.0	0.0	0.0	0.0	0.0
2.725	0.0	0.0	0.0	0.0	0.0	0.0	0.0	0.0	0.0	0.0	0.0	0.0	0.0	0.0	0.0	0.0
2.735	0.0	0.0	0.0	0.0	0.0	0.0	0.0	0.0	0.0	0.0	0.0	0.0	0.0	0.0	0.0	0.0
2.745	0.0	0.0	0.0	0.0	0.0	0.0	0.0	0.0	0.0	0.0	0.0	0.0	0.0	0.0	0.0	0.0
2.755	0.0	0.0	0.0	0.0	0.0	0.0	0.0	0.0	0.0	0.0	0.0	0.0	0.0	0.0	0.0	0.0
2.765	0.0	0.0	0.0	0.0	0.0	0.0	0.0	0.0	0.0	0.0	0.0	0.0	0.0	0.0	0.0	0.0
2.775	0.0	0.0	0.0	0.0	0.0	0.0	0.0	0.0	0.0	0.0	0.0	0.0	0.0	0.0	0.0	0.0
2.785	0.0	0.0	0.0	0.0	0.0	0.0	0.0	0.0	0.0	0.0	0.0	0.0	0.0	0.0	0.0	0.0
2.795	0.0	0.0	0.0	0.0	0.0	0.0	0.0	0.0	0.0	0.0	0.0	0.0	0.0	0.0	0.0	0.0
2.805	0.0	0.0	0.0	0.0	0.0	0.0	0.0	0.0	0.0	0.0	0.0	0.0	0.0	0.0	0.0	0.0
2.815	0.0	0.0	0.0	0.0	0.0	0.0	0.0	0.0	0.0	0.0	0.0	0.0	0.0	0.0	0.0	0.0
2.8249999999999997	0.0	0.0	0.0	0.0	0.0	0.0	0.0	0.0	0.0	0.0	0.0	0.0	0.0	0.0	0.0	0.0
2.835	0.0	0.0	0.0	0.0	0.0	0.0	0.0	0.0	0.0	0.0	0.0	0.0	0.0	0.0	0.0	0.0
2.8449999999999998	0.0	0.0	0.0	0.0	0.0	0.0	0.0	0.0	0.0	0.0	0.0	0.0	0.0	0.0	0.0	0.0
2.855	0.0	0.0	0.0	0.0	0.0	0.0	0.0	0.0	0.0	0.0	0.0	0.0	0.0	0.0	0.0	0.0
2.8649999999999998	0.0	0.0	0.0	0.0	0.0	0.0	0.0	0.0	0.0	0.0	0.0	0.0	0.0	0.0	0.0	0.0
2.875	0.0	0.0	0.0	0.0	0.0	0.0	0.0	0.0	0.0	0.0	0.0	0.0	0.0	0.0	0.0	0.0
2.885	0.0	0.0	0.0	0.0	0.0	0.0	0.0	0.0	0.0	0.0	0.0	0.0	0.0	0.0	0.0	0.0
2.895	0.0	0.0	0.0	0.0	0.0	0.0	0.0	0.0	0.0	0.0	0.0	0.0	0.0	0.0	0.0	0.0
2.905	0.0	0.0	0.0	0.0	0.0	0.0	0.0	0.0	0.0	0.0	0.0	0.0	0.0	0.0	0.0	0.0
2.915	0.0	0.0	0.0	0.0	0.0	0.0	0.0	0.0	0.0	0.0	0.0	0.0	0.0	0.0	0.0	0.0
2.925	0.0	0.0	0.0	0.0	0.0	0.0	0.0	0.0	0.0	0.0	0.0	0.0	0.0	0.0	0.0	0.0
2.935	0.0	0.0	0.0	0.0	0.0	0.0	0.0	0.0	0.0	0.0	0.0	0.0	0.0	0.0	0.0	0.0
2.945	0.0	0.0	0.0	0.0	0.0	0.0	0.0	0.0	0.0	0.0	0.0	0.0	0.0	0.0	0.0	0.0
2.955	0.0	0.0	0.0	0.0	0.0	0.0	0.0	0.0	0.0	0.0	0.0	0.0	0.0	0.0	0.0	0.0
2.965	0.0	0.0	0.0	0.0	0.0	0.0	0.0	0.0	0.0	0.0	0.0	0.0	0.0	0.0	0.0	0.0
2.975	0.0	0.0	0.0	0.0	0.0	0.0	0.0	0.0	0.0	0.0	0.0	0.0	0.0	0.0	0.0	0.0
2.985	0.0	0.0	0.0	0.0	0.0	0.0	0.0	0.0	0.0	0.0	0.0	0.0	0.0	0.0	0.0	0.0
2.995	0.0	0.0	0.0	0.0	0.0	0.0	0.0	0.0	0.0	0.0	0.0	0.0	0.0	0.0	0.0	0.0
3.005	0.0	0.0	0.0	0.0	0.0	0.0	0.0	0.0	0.0	0.0	0.0	0.0	0.0	0.0	0.0	0.0
3.015	0.0	0.0	0.0	0.0	0.0	0.0	0.0	0.0	0.0	0.0	0.0	0.0	0.0	0.0	0.0	0.0
3.025	0.0	0.0	0.0	0.0	0.0	0.0	0.0	0.0	0.0	0.0	0.0	0.0	0.0	0.0	0.0	0.0
3.035	0.0	0.0	0.0	0.0	0.0	0.0	0.0	0.0	0.0	0.0	0.0	0.0	0.0	0.0	0.0	0.0
3.045	0.0	0.0	0.0	0.0	0.0	0.0	0.0	0.0	0.0	0.0	0.0	0.0	0.0	0.0	0.0	0.0
3.055	0.0	0.0	0.0	0.0	0.0	0.0	0.0	0.0	0.0	0.0	0.0	0.0	0.0	0.0	0.0	0.0
3.065	0.0	0.0	0.0	0.0	0.0	0.0	0.0	0.0	0.0	0.0	0.0	0.0	0.0	0.0	0.0	0.0
3.075	0.0	0.0	0.0	0.0	0.0	0.0	0.0	0.0	0.0	0.0	0.0	0.0	0.0	0.0	0.0	0.0
3.085	0.0	0.0	0.0	0.0	0.0	0.0	0.0	0.0	0.0	0.0	0.0	0.0	0.0	0.0	0.0	0.0
3.0949999999999998	0.0	0.0	0.0	0.0	0.0	0.0	0.0	0.0	0.0	0.0	0.0	0.0	0.0	0.0	0.0	0.0
3.105	0.0	0.0	0.0	0.0	0.0	0.0	0.0	0.0	0.0	0.0	0.0	0.0	0.0	0.0	0.0	0.0
3.1149999999999998	0.0	0.0	0.0	0.0	0.0	0.0	0.0	0.0	0.0	0.0	0.0	0.0	0.0	0.0	0.0	0.0
3.125	0.0	0.0	0.0	0.0	0.0	0.0	0.0	0.0	0.0	0.0	0.0	0.0	0.0	0.0	0.0	0.0
3.135	0.0	0.0	0.0	0.0	0.0	0.0	0.0	0.0	0.0	0.0	0.0	0.0	0.0	0.0	0.0	0.0
3.145	0.0	0.0	0.0	0.0	0.0	0.0	0.0	0.0	0.0	0.0	0.0	0.0	0.0	0.0	0.0	0.0
3.155	0.0	0.0	0.0	0.0	0.0	0.0	0.0	0.0	0.0	0.0	0.0	0.0	0.0	0.0	0.0	0.0
3.165	0.0	0.0	0.0	0.0	0.0	0.0	0.0	0.0	0.0	0.0	0.0	0.0	0.0	0.0	0.0	0.0
3.175	0.0	0.0	0.0	0.0	0.0	0.0	0.0	0.0	0.0	0.0	0.0	0.0	0.0	0.0	0.0	0.0
3.185	0.0	0.0	0.0	0.0	0.0	0.0	0.0	0.0	0.0	0.0	0.0	0.0	0.0	0.0	0.0	0.0
3.195	0.0	0.0	0.0	0.0	0.0	0.0	0.0	0.0	0.0	0.0	0.0	0.0	0.0	0.0	0.0	0.0
3.205	0.0	0.0	0.0	0.0	0.0	0.0	0.0	0.0	0.0	0.0	0.0	0.0	0.0	0.0	0.0	0.0
3.215	0.0	0.0	0.0	0.0	0.0	0.0	0.0	0.0	0.0	0.0	0.0	0.0	0.0	0.0	0.0	0.0
3.225	0.0	0.0	0.0	0.0	0.0	0.0	0.0	0.0	0.0	0.0	0.0	0.0	0.0	0.0	0.0	0.0
3.235	0.0	0.0	0.0	0.0	0.0	0.0	0.0	0.0	0.0	0.0	0.0	0.0	0.0	0.0	0.0	0.0
3.245	0.0	0.0	0.0	0.0	0.0	0.0	0.0	0.0	0.0	0.0	0.0	0.0	0.0	0.0	0.0	0.0
3.255	0.0	0.0	0.0	0.0	0.0	0.0	0.0	0.0	0.0	0.0	0.0	0.0	0.0	0.0	0.0	0.0
3.265	0.0	0.0	0.0	0.0	0.0	0.0	0.0	0.0	0.0	0.0	0.0	0.0	0.0	0.0	0.0	0.0
3.275	0.0	0.0	0.0	0.0	0.0	0.0	0.0	0.0	0.0	0.0	0.0	0.0	0.0	0.0	0.0	0.0
3.285	0.0	0.0	0.0	0.0	0.0	0.0	0.0	0.0	0.0	0.0	0.0	0.0	0.0	0.0	0.0	0.0
3.295	0.0	0.0	0.0	0.0	0.0	0.0	0.0	0.0	0.0	0.0	0.0	0.0	0.0	0.0	0.0	0.0
3.305	0.0	0.0	0.0	0.0	0.0	0.0	0.0	0.0	0.0	0.0	0.0	0.0	0.0	0.0	0.0	0.0
3.315	0.0	0.0	0.0	0.0	0.0	0.0	0.0	0.0	0.0	0.0	0.0	0.0	0.0	0.0	0.0	0.0
3.325	0.0	0.0	0.0	0.0	0.0	0.0	0.0	0.0	0.0	0.0	0.0	0.0	0.0	0.0	0.0	0.0
3.335	0.0	0.0	0.0	0.0	0.0	0.0	0.0	0.0	0.0	0.0	0.0	0.0	0.0	0.0	0.0	0.0
3.3449999999999998	0.0	0.0	0.0	0.0	0.0	0.0	0.0	0.0	0.0	0.0	0.0	0.0	0.0	0.0	0.0	0.0
3.355	0.0	0.0	0.0	0.0	0.0	0.0	0.0	0.0	0.0	0.0	0.0	0.0	0.0	0.0	0.0	0.0
3.3649999999999998	0.0	0.0	0.0	0.0	0.0	0.0	0.0	0.0	0.0	0.0	0.0	0.0	0.0	0.0	0.0	0.0
3.375	0.0	0.0	0.0	0.0	0.0	0.0	0.0	0.0	0.0	0.0	0.0	0.0	0.0	0.0	0.0	0.0
3.385	0.0	0.0	0.0	0.0	0.0	0.0	0.0	0.0	0.0	0.0	0.0	0.0	0.0	0.0	0.0	0.0
3.395	0.0	0.0	0.0	0.0	0.0	0.0	0.0	0.0	0.0	0.0	0.0	0.0	0.0	0.0	0.0	0.0
3.405	0.0	0.0	0.0	0.0	0.0	0.0	0.0	0.0	0.0	0.0	0.0	0.0	0.0	0.0	0.0	0.0
3.415	0.0	0.0	0.0	0.0	0.0	0.0	0.0	0.0	0.0	0.0	0.0	0.0	0.0	0.0	0.0	0.0
3.425	0.0	0.0	0.0	0.0	0.0	0.0	0.0	0.0	0.0	0.0	0.0	0.0	0.0	0.0	0.0	0.0
3.435	0.0	0.0	0.0	0.0	0.0	0.0	0.0	0.0	0.0	0.0	0.0	0.0	0.0	0.0	0.0	0.0
3.445	0.0	0.0	0.0	0.0	0.0	0.0	0.0	0.0	0.0	0.0	0.0	0.0	0.0	0.0	0.0	0.0
3.455	0.0	0.0	0.0	0.0	0.0	0.0	0.0	0.0	0.0	0.0	0.0	0.0	0.0	0.0	0.0	0.0
3.465	0.0	0.0	0.0	0.0	0.0	0.0	0.0	0.0	0.0	0.0	0.0	0.0	0.0	0.0	0.0	0.0
3.475	0.0	0.0	0.0	0.0	0.0	0.0	0.0	0.0	0.0	0.0	0.0	0.0	0.0	0.0	0.0	0.0
3.485	0.0	0.0	0.0	0.0	0.0	0.0	0.0	0.0	0.0	0.0	0.0	0.0	0.0	0.0	0.0	0.0
3.495	0.0	0.0	0.0	0.0	0.0	0.0	0.0	0.0	0.0	0.0	0.0	0.0	0.0	0.0	0.0	0.0
3.505	0.0	0.0	0.0	0.0	0.0	0.0	0.0	0.0	0.0	0.0	0.0	0.0	0.0	0.0	0.0	0.0
3.515	0.0	0.0	0.0	0.0	0.0	0.0	0.0	0.0	0.0	0.0	0.0	0.0	0.0	0.0	0.0	0.0
3.525	0.0	0.0	0.0	0.0	0.0	0.0	0.0	0.0	0.0	0.0	0.0	0.0	0.0	0.0	0.0	0.0
3.535	0.0	0.0	0.0	0.0	0.0	0.0	0.0	0.0	0.0	0.0	0.0	0.0	0.0	0.0	0.0	0.0
3.545	0.0	0.0	0.0	0.0	0.0	0.0	0.0	0.0	0.0	0.0	0.0	0.0	0.0	0.0	0.0	0.0
3.555	0.0	0.0	0.0	0.0	0.0	0.0	0.0	0.0	0.0	0.0	0.0	0.0	0.0	0.0	0.0	0.0
3.565	0.0	0.0	0.0	0.0	0.0	0.0	0.0	0.0	0.0	0.0	0.0	0.0	0.0	0.0	0.0	0.0
3.575	0.0	0.0	0.0	0.0	0.0	0.0	0.0	0.0	0.0	0.0	0.0	0.0	0.0	0.0	0.0	0.0
3.585	0.0	0.0	0.0	0.0	0.0	0.0	0.0	0.0	0.0	0.0	0.0	0.0	0.0	0.0	0.0	0.0
3.5949999999999998	0.0	0.0	0.0	0.0	0.0	0.0	0.0	0.0	0.0	0.0	0.0	0.0	0.0	0.0	0.0	0.0
3.605	0.0	0.0	0.0	0.0	0.0	0.0	0.0	0.0	0.0	0.0	0.0	0.0	0.0	0.0	0.0	0.0
3.6149999999999998	0.0	0.0	0.0	0.0	0.0	0.0	0.0	0.0	0.0	0.0	0.0	0.0	0.0	0.0	0.0	0.0
3.625	0.0	0.0	0.0	0.0	0.0	0.0	0.0	0.0	0.0	0.0	0.0	0.0	0.0	0.0	0.0	0.0
3.635	0.0	0.0	0.0	0.0	0.0	0.0	0.0	0.0	0.0	0.0	0.0	0.0	0.0	0.0	0.0	0.0
3.645	0.0	0.0	0.0	0.0	0.0	0.0	0.0	0.0	0.0	0.0	0.0	0.0	0.0	0.0	0.0	0.0
3.655	0.0	0.0	0.0	0.0	0.0	0.0	0.0	0.0	0.0	0.0	0.0	0.0	0.0	0.0	0.0	0.0
3.665	0.0	0.0	0.0	0.0	0.0	0.0	0.0	0.0	0.0	0.0	0.0	0.0	0.0	0.0	0.0	0.0
3.675	0.0	0.0	0.0	0.0	0.0	0.0	0.0	0.0	0.0	0.0	0.0	0.0	0.0	0.0	0.0	0.0
3.685	0.0	0.0	0.0	0.0	0.0	0.0	0.0	0.0	0.0	0.0	0.0	0.0	0.0	0.0	0.0	0.0
3.695	0.0	0.0	0.0	0.0	0.0	0.0	0.0	0.0	0.0	0.0	0.0	0.0	0.0	0.0	0.0	0.0
3.705	0.0	0.0	0.0	0.0	0.0	0.0	0.0	0.0	0.0	0.0	0.0	0.0	0.0	0.0	0.0	0.0
3.715	0.0	0.0	0.0	0.0	0.0	0.0	0.0	0.0	0.0	0.0	0.0	0.0	0.0	0.0	0.0	0.0
3.725	0.0	0.0	0.0	0.0	0.0	0.0	0.0	0.0	0.0	0.0	0.0	0.0	0.0	0.0	0.0	0.0
3.735	0.0	0.0	0.0	0.0	0.0	0.0	0.0	0.0	0.0	0.0	0.0	0.0	0.0	0.0	0.0	0.0
3.745	0.0	0.0	0.0	0.0	0.0	0.0	0.0	0.0	0.0	0.0	0.0	0.0	0.0	0.0	0.0	0.0
3.755	0.0	0.0	0.0	0.0	0.0	0.0	0.0	0.0	0.0	0.0	0.0	0.0	0.0	0.0	0.0	0.0
3.765	0.0	0.0	0.0	0.0	0.0	0.0	0.0	0.0	0.0	0.0	0.0	0.0	0.0	0.0	0.0	0.0
3.775	0.0	0.0	0.0	0.0	0.0	0.0	0.0	0.0	0.0	0.0	0.0	0.0	0.0	0.0	0.0	0.0
3.785	0.0	0.0	0.0	0.0	0.0	0.0	0.0	0.0	0.0	0.0	0.0	0.0	0.0	0.0	0.0	0.0
3.795	0.0	0.0	0.0	0.0	0.0	0.0	0.0	0.0	0.0	0.0	0.0	0.0	0.0	0.0	0.0	0.0
3.805	0.0	0.0	0.0	0.0	0.0	0.0	0.0	0.0	0.0	0.0	0.0	0.0	0.0	0.0	0.0	0.0
3.815	0.0	0.0	0.0	0.0	0.0	0.0	0.0	0.0	0.0	0.0	0.0	0.0	0.0	0.0	0.0	0.0
3.825	0.0	0.0	0.0	0.0	0.0	0.0	0.0	0.0	0.0	0.0	0.0	0.0	0.0	0.0	0.0	0.0
3.835	0.0	0.0	0.0	0.0	0.0	0.0	0.0	0.0	0.0	0.0	0.0	0.0	0.0	0.0	0.0	0.0
3.8449999999999998	0.0	0.0	0.0	0.0	0.0	0.0	0.0	0.0	0.0	0.0	0.0	0.0	0.0	0.0	0.0	0.0
3.855	0.0	0.0	0.0	0.0	0.0	0.0	0.0	0.0	0.0	0.0	0.0	0.0	0.0	0.0	0.0	0.0
3.8649999999999998	0.0	0.0	0.0	0.0	0.0	0.0	0.0	0.0	0.0	0.0	0.0	0.0	0.0	0.0	0.0	0.0
3.875	0.0	0.0	0.0	0.0	0.0	0.0	0.0	0.0	0.0	0.0	0.0	0.0	0.0	0.0	0.0	0.0
3.885	0.0	0.0	0.0	0.0	0.0	0.0	0.0	0.0	0.0	0.0	0.0	0.0	0.0	0.0	0.0	0.0
3.895	0.0	0.0	0.0	0.0	0.0	0.0	0.0	0.0	0.0	0.0	0.0	0.0	0.0	0.0	0.0	0.0
3.905	0.0	0.0	0.0	0.0	0.0	0.0	0.0	0.0	0.0	0.0	0.0	0.0	0.0	0.0	0.0	0.0
3.915	0.0	0.0	0.0	0.0	0.0	0.0	0.0	0.0	0.0	0.0	0.0	0.0	0.0	0.0	0.0	0.0
3.925	0.0	0.0	0.0	0.0	0.0	0.0	0.0	0.0	0.0	0.0	0.0	0.0	0.0	0.0	0.0	0.0
3.935	0.0	0.0	0.0	0.0	0.0	0.0	0.0	0.0	0.0	0.0	0.0	0.0	0.0	0.0	0.0	0.0
3.945	0.0	0.0	0.0	0.0	0.0	0.0	0.0	0.0	0.0	0.0	0.0	0.0	0.0	0.0	0.0	0.0
3.955	0.0	0.0	0.0	0.0	0.0	0.0	0.0	0.0	0.0	0.0	0.0	0.0	0.0	0.0	0.0	0.0
3.965	0.0	0.0	0.0	0.0	0.0	0.0	0.0	0.0	0.0	0.0	0.0	0.0	0.0	0.0	0.0	0.0
3.975	0.0	0.0	0.0	0.0	0.0	0.0	0.0	0.0	0.0	0.0	0.0	0.0	0.0	0.0	0.0	0.0
3.985	0.0	0.0	0.0	0.0	0.0	0.0	0.0	0.0	0.0	0.0	0.0	0.0	0.0	0.0	0.0	0.0
3.995	0.0	0.0	0.0	0.0	0.0	0.0	0.0	0.0	0.0	0.0	0.0	0.0	0.0	0.0	0.0	0.0
4.005	0.0	0.0	0.0	0.0	0.0	0.0	0.0	0.0	0.0	0.0	0.0	0.0	0.0	0.0	0.0	0.0
4.015	0.0	0.0	0.0	0.0	0.0	0.0	0.0	0.0	0.0	0.0	0.0	0.0	0.0	0.0	0.0	0.0
4.025	0.0	0.0	0.0	0.0	0.0	0.0	0.0	0.0	0.0	0.0	0.0	0.0	0.0	0.0	0.0	0.0
4.035	0.0	0.0	0.0	0.0	0.0	0.0	0.0	0.0	0.0	0.0	0.0	0.0	0.0	0.0	0.0	0.0
4.045	0.0	0.0	0.0	0.0	0.0	0.0	0.0	0.0	0.0	0.0	0.0	0.0	0.0	0.0	0.0	0.0
4.055	0.0	0.0	0.0	0.0	0.0	0.0	0.0	0.0	0.0	0.0	0.0	0.0	0.0	0.0	0.0	0.0
4.065	0.0	0.0	0.0	0.0	0.0	0.0	0.0	0.0	0.0	0.0	0.0	0.0	0.0	0.0	0.0	0.0
4.075	0.0	0.0	0.0	0.0	0.0	0.0	0.0	0.0	0.0	0.0	0.0	0.0	0.0	0.0	0.0	0.0
4.085	0.0	0.0	0.0	0.0	0.0	0.0	0.0	0.0	0.0	0.0	0.0	0.0	0.0	0.0	0.0	0.0
4.095	0.0	0.0	0.0	0.0	0.0	0.0	0.0	0.0	0.0	0.0	0.0	0.0	0.0	0.0	0.0	0.0
4.1049999999999995	0.0	0.0	0.0	0.0	0.0	0.0	0.0	0.0	0.0	0.0	0.0	0.0	0.0	0.0	0.0	0.0
4.115	0.0	0.0	0.0	0.0	0.0	0.0	0.0	0.0	0.0	0.0	0.0	0.0	0.0	0.0	0.0	0.0
4.125	0.0	0.0	0.0	0.0	0.0	0.0	0.0	0.0	0.0	0.0	0.0	0.0	0.0	0.0	0.0	0.0
4.135	0.0	0.0	0.0	0.0	0.0	0.0	0.0	0.0	0.0	0.0	0.0	0.0	0.0	0.0	0.0	0.0
4.145	0.0	0.0	0.0	0.0	0.0	0.0	0.0	0.0	0.0	0.0	0.0	0.0	0.0	0.0	0.0	0.0
4.155	0.0	0.0	0.0	0.0	0.0	0.0	0.0	0.0	0.0	0.0	0.0	0.0	0.0	0.0	0.0	0.0
4.165	0.0	0.0	0.0	0.0	0.0	0.0	0.0	0.0	0.0	0.0	0.0	0.0	0.0	0.0	0.0	0.0
4.175	0.0	0.0	0.0	0.0	0.0	0.0	0.0	0.0	0.0	0.0	0.0	0.0	0.0	0.0	0.0	0.0
4.185	0.0	0.0	0.0	0.0	0.0	0.0	0.0	0.0	0.0	0.0	0.0	0.0	0.0	0.0	0.0	0.0
4.195	0.0	0.0	0.0	0.0	0.0	0.0	0.0	0.0	0.0	0.0	0.0	0.0	0.0	0.0	0.0	0.0
4.205	0.0	0.0	0.0	0.0	0.0	0.0	0.0	0.0	0.0	0.0	0.0	0.0	0.0	0.0	0.0	0.0
4.215	0.0	0.0	0.0	0.0	0.0	0.0	0.0	0.0	0.0	0.0	0.0	0.0	0.0	0.0	0.0	0.0
4.225	0.0	0.0	0.0	0.0	0.0	0.0	0.0	0.0	0.0	0.0	0.0	0.0	0.0	0.0	0.0	0.0
4.235	0.0	0.0	0.0	0.0	0.0	0.0	0.0	0.0	0.0	0.0	0.0	0.0	0.0	0.0	0.0	0.0
4.245	0.0	0.0	0.0	0.0	0.0	0.0	0.0	0.0	0.0	0.0	0.0	0.0	0.0	0.0	0.0	0.0
4.255	0.0	0.0	0.0	0.0	0.0	0.0	0.0	0.0	0.0	0.0	0.0	0.0	0.0	0.0	0.0	0.0
4.265	0.0	0.0	0.0	0.0	0.0	0.0	0.0	0.0	0.0	0.0	0.0	0.0	0.0	0.0	0.0	0.0
4.275	0.0	0.0	0.0	0.0	0.0	0.0	0.0	0.0	0.0	0.0	0.0	0.0	0.0	0.0	0.0	0.0
4.285	0.0	0.0	0.0	0.0	0.0	0.0	0.0	0.0	0.0	0.0	0.0	0.0	0.0	0.0	0.0	0.0
4.295	0.0	0.0	0.0	0.0	0.0	0.0	0.0	0.0	0.0	0.0	0.0	0.0	0.0	0.0	0.0	0.0
4.305	0.0	0.0	0.0	0.0	0.0	0.0	0.0	0.0	0.0	0.0	0.0	0.0	0.0	0.0	0.0	0.0
4.315	0.0	0.0	0.0	0.0	0.0	0.0	0.0	0.0	0.0	0.0	0.0	0.0	0.0	0.0	0.0	0.0
4.325	0.0	0.0	0.0	0.0	0.0	0.0	0.0	0.0	0.0	0.0	0.0	0.0	0.0	0.0	0.0	0.0
4.335	0.0	0.0	0.0	0.0	0.0	0.0	0.0	0.0	0.0	0.0	0.0	0.0	0.0	0.0	0.0	0.0
4.345	0.0	0.0	0.0	0.0	0.0	0.0	0.0	0.0	0.0	0.0	0.0	0.0	0.0	0.0	0.0	0.0
4.355	0.0	0.0	0.0	0.0	0.0	0.0	0.0	0.0	0.0	0.0	0.0	0.0	0.0	0.0	0.0	0.0
4.365	0.0	0.0	0.0	0.0	0.0	0.0	0.0	0.0	0.0	0.0	0.0	0.0	0.0	0.0	0.0	0.0
4.375	0.0	0.0	0.0	0.0	0.0	0.0	0.0	0.0	0.0	0.0	0.0	0.0	0.0	0.0	0.0	0.0
4.385	0.0	0.0	0.0	0.0	0.0	0.0	0.0	0.0	0.0	0.0	0.0	0.0	0.0	0.0	0.0	0.0
4.395	0.0	0.0	0.0	0.0	0.0	0.0	0.0	0.0	0.0	0.0	0.0	0.0	0.0	0.0	0.0	0.0
4.405	0.0	0.0	0.0	0.0	0.0	0.0	0.0	0.0	0.0	0.0	0.0	0.0	0.0	0.0	0.0	0.0
4.415	0.0	0.0	0.0	0.0	0.0	0.0	0.0	0.0	0.0	0.0	0.0	0.0	0.0	0.0	0.0	0.0
4.425	0.0	0.0	0.0	0.0	0.0	0.0	0.0	0.0	0.0	0.0	0.0	0.0	0.0	0.0	0.0	0.0
4.435	0.0	0.0	0.0	0.0	0.0	0.0	0.0	0.0	0.0	0.0	0.0	0.0	0.0	0.0	0.0	0.0
4.445	0.0	0.0	0.0	0.0	0.0	0.0	0.0	0.0	0.0	0.0	0.0	0.0	0.0	0.0	0.0	0.0
4.455	0.0	0.0	0.0	0.0	0.0	0.0	0.0	0.0	0.0	0.0	0.0	0.0	0.0	0.0	0.0	0.0
4.465	0.0	0.0	0.0	0.0	0.0	0.0	0.0	0.0	0.0	0.0	0.0	0.0	0.0	0.0	0.0	0.0
4.475	0.0	0.0	0.0	0.0	0.0	0.0	0.0	0.0	0.0	0.0	0.0	0.0	0.0	0.0	0.0	0.0
4.485	0.0	0.0	0.0	0.0	0.0	0.0	0.0	0.0	0.0	0.0	0.0	0.0	0.0	0.0	0.0	0.0
4.495	0.0	0.0	0.0	0.0	0.0	0.0	0.0	0.0	0.0	0.0	0.0	0.0	0.0	0.0	0.0	0.0
4.505	0.0	0.0	0.0	0.0	0.0	0.0	0.0	0.0	0.0	0.0	0.0	0.0	0.0	0.0	0.0	0.0
4.515	0.0	0.0	0.0	0.0	0.0	0.0	0.0	0.0	0.0	0.0	0.0	0.0	0.0	0.0	0.0	0.0
4.525	0.0	0.0	0.0	0.0	0.0	0.0	0.0	0.0	0.0	0.0	0.0	0.0	0.0	0.0	0.0	0.0
4.535	0.0	0.0	0.0	0.0	0.0	0.0	0.0	0.0	0.0	0.0	0.0	0.0	0.0	0.0	0.0	0.0
4.545	0.0	0.0	0.0	0.0	0.0	0.0	0.0	0.0	0.0	0.0	0.0	0.0	0.0	0.0	0.0	0.0
4.555	0.0	0.0	0.0	0.0	0.0	0.0	0.0	0.0	0.0	0.0	0.0	0.0	0.0	0.0	0.0	0.0
4.565	0.0	0.0	0.0	0.0	0.0	0.0	0.0	0.0	0.0	0.0	0.0	0.0	0.0	0.0	0.0	0.0
4.575	0.0	0.0	0.0	0.0	0.0	0.0	0.0	0.0	0.0	0.0	0.0	0.0	0.0	0.0	0.0	0.0
4.585	0.0	0.0	0.0	0.0	0.0	0.0	0.0	0.0	0.0	0.0	0.0	0.0	0.0	0.0	0.0	0.0
4.595	0.0	0.0	0.0	0.0	0.0	0.0	0.0	0.0	0.0	0.0	0.0	0.0	0.0	0.0	0.0	0.0
4.605	0.0	0.0	0.0	0.0	0.0	0.0	0.0	0.0	0.0	0.0	0.0	0.0	0.0	0.0	0.0	0.0
4.615	0.0	0.0	0.0	0.0	0.0	0.0	0.0	0.0	0.0	0.0	0.0	0.0	0.0	0.0	0.0	0.0
4.625	0.0	0.0	0.0	0.0	0.0	0.0	0.0	0.0	0.0	0.0	0.0	0.0	0.0	0.0	0.0	0.0
4.635	0.0	0.0	0.0	0.0	0.0	0.0	0.0	0.0	0.0	0.0	0.0	0.0	0.0	0.0	0.0	0.0
4.645	0.0	0.0	0.0	0.0	0.0	0.0	0.0	0.0	0.0	0.0	0.0	0.0	0.0	0.0	0.0	0.0
4.655	0.0	0.0	0.0	0.0	0.0	0.0	0.0	0.0	0.0	0.0	0.0	0.0	0.0	0.0	0.0	0.0
4.665	0.0	0.0	0.0	0.0	0.0	0.0	0.0	0.0	0.0	0.0	0.0	0.0	0.0	0.0	0.0	0.0
4.675	0.0	0.0	0.0	0.0	0.0	0.0	0.0	0.0	0.0	0.0	0.0	0.0	0.0	0.0	0.0	0.0
4.685	0.0	0.0	0.0	0.0	0.0	0.0	0.0	0.0	0.0	0.0	0.0	0.0	0.0	0.0	0.0	0.0
4.695	0.0	0.0	0.0	0.0	0.0	0.0	0.0	0.0	0.0	0.0	0.0	0.0	0.0	0.0	0.0	0.0
4.705	0.0	0.0	0.0	0.0	0.0	0.0	0.0	0.0	0.0	0.0	0.0	0.0	0.0	0.0	0.0	0.0
4.715	0.0	0.0	0.0	0.0	0.0	0.0	0.0	0.0	0.0	0.0	0.0	0.0	0.0	0.0	0.0	0.0
4.725	0.0	0.0	0.0	0.0	0.0	0.0	0.0	0.0	0.0	0.0	0.0	0.0	0.0	0.0	0.0	0.0
4.735	0.0	0.0	0.0	0.0	0.0	0.0	0.0	0.0	0.0	0.0	0.0	0.0	0.0	0.0	0.0	0.0
4.745	0.0	0.0	0.0	0.0	0.0	0.0	0.0	0.0	0.0	0.0	0.0	0.0	0.0	0.0	0.0	0.0
4.755	0.0	0.0	0.0	0.0	0.0	0.0	0.0	0.0	0.0	0.0	0.0	0.0	0.0	0.0	0.0	0.0
4.765	0.0	0.0	0.0	0.0	0.0	0.0	0.0	0.0	0.0	0.0	0.0	0.0	0.0	0.0	0.0	0.0
4.775	0.0	0.0	0.0	0.0	0.0	0.0	0.0	0.0	0.0	0.0	0.0	0.0	0.0	0.0	0.0	0.0
4.785	0.0	0.0	0.0	0.0	0.0	0.0	0.0	0.0	0.0	0.0	0.0	0.0	0.0	0.0	0.0	0.0
4.795	0.0	0.0	0.0	0.0	0.0	0.0	0.0	0.0	0.0	0.0	0.0	0.0	0.0	0.0	0.0	0.0
4.805	0.0	0.0	0.0	0.0	0.0	0.0	0.0	0.0	0.0	0.0	0.0	0.0	0.0	0.0	0.0	0.0
4.815	0.0	0.0	0.0	0.0	0.0	0.0	0.0	0.0	0.0	0.0	0.0	0.0	0.0	0.0	0.0	0.0
4.825	0.0	0.0	0.0	0.0	0.0	0.0	0.0	0.0	0.0	0.0	0.0	0.0	0.0	0.0	0.0	0.0
4.835	0.0	0.0	0.0	0.0	0.0	0.0	0.0	0.0	0.0	0.0	0.0	0.0	0.0	0.0	0.0	0.0
4.845	0.0	0.0	0.0	0.0	0.0	0.0	0.0	0.0	0.0	0.0	0.0	0.0	0.0	0.0	0.0	0.0
4.855	0.0	0.0	0.0	0.0	0.0	0.0	0.0	0.0	0.0	0.0	0.0	0.0	0.0	0.0	0.0	0.0
4.865	0.0	0.0	0.0	0.0	0.0	0.0	0.0	0.0	0.0	0.0	0.0	0.0	0.0	0.0	0.0	0.0
4.875	0.0	0.0	0.0	0.0	0.0	0.0	0.0	0.0	0.0	0.0	0.0	0.0	0.0	0.0	0.0	0.0
4.885	0.0	0.0	0.0	0.0	0.0	0.0	0.0	0.0	0.0	0.0	0.0	0.0	0.0	0.0	0.0	0.0
4.895	0.0	0.0	0.0	0.0	0.0	0.0	0.0	0.0	0.0	0.0	0.0	0.0	0.0	0.0	0.0	0.0
4.905	0.0	0.0	0.0	0.0	0.0	0.0	0.0	0.0	0.0	0.0	0.0	0.0	0.0	0.0	0.0	0.0
4.915	0.0	0.0	0.0	0.0	0.0	0.0	0.0	0.0	0.0	0.0	0.0	0.0	0.0	0.0	0.0	0.0
4.925	0.0	0.0	0.0	0.0	0.0	0.0	0.0	0.0	0.0	0.0	0.0	0.0	0.0	0.0	0.0	0.0
4.935	0.0	0.0	0.0	0.0	0.0	0.0	0.0	0.0	0.0	0.0	0.0	0.0	0.0	0.0	0.0	0.0
4.945	0.0	0.0	0.0	0.0	0.0	0.0	0.0	0.0	0.0	0.0	0.0	0.0	0.0	0.0	0.0	0.0
4.955	0.0	0.0	0.0	0.0	0.0	0.0	0.0	0.0	0.0	0.0	0.0	0.0	0.0	0.0	0.0	0.0
4.965	0.0	0.0	0.0	0.0	0.0	0.0	0.0	0.0	0.0	0.0	0.0	0.0	0.0	0.0	0.0	0.0
4.975	0.0	0.0	0.0	0.0	0.0	0.0	0.0	0.0	0.0	0.0	0.0	0.0	0.0	0.0	0.0	0.0
4.985	0.0	0.0	0.0	0.0	0.0	0.0	0.0	0.0	0.0	0.0	0.0	0.0	0.0	0.0	0.0	0.0
4.995	0.0	0.0	0.0	0.0	0.0	0.0	0.0	0.0	0.0	0.0	0.0	0.0	0.0	0.0	0.0	0.0
# SMASH-1.8-3-gcb63f17f