# t 	dNdt (2to2) 	error (2to2) 	dNdt (Brems) 	error (Brems) 	 (for pT in [2,3]) 
2.5	3.30531821524e-06	7.22201450884e-08	8.92752674555e-08	2.52972618251e-08
7.5	3.91050071906e-05	2.4407028338e-07	2.02806559209e-06	2.1866109458e-07
12.5	3.09739767203e-05	1.99703179629e-07	1.33345198805e-06	2.04781755704e-07
17.5	7.91782970932e-06	1.22086329115e-07	3.33014913554e-07	8.46517792788e-08
22.5	2.13433230845e-06	8.02447362148e-08	5.032644779e-08	1.46565672324e-08
27.5	6.33153651555e-07	4.82151488634e-08	8.51456118275e-09	6.27004090263e-09
32.5	2.59833609906e-07	3.71278363069e-08	8.69672850904e-09	7.62916952182e-09
37.5	1.63978819074e-07	6.98591317141e-08	0.0	0.0
42.5	3.15329463577e-08	6.95930628016e-09	1.03012770501e-09	1.03012770501e-09
47.5	4.17546630153e-08	1.30686743807e-08	0.0	0.0
52.5	3.46906224504e-08	1.70975595802e-08	0.0	0.0
57.5	1.76927538878e-08	9.56320075223e-09	0.0	0.0
62.5	2.3719593017e-08	2.03133845626e-08	0.0	0.0
67.5	1.00975550156e-09	6.47941808143e-10	0.0	0.0
72.5	1.7709554046e-09	7.5396802966e-10	0.0	0.0
77.5	3.70754968889e-08	2.96409735379e-08	0.0	0.0
82.5	6.08897587141e-11	6.08897587141e-11	0.0	0.0
87.5	7.75383414533e-12	7.75383414532e-12	0.0	0.0
92.5	3.85644466311e-09	2.33732508635e-09	0.0	0.0
97.5	3.84215869789e-11	3.84215869789e-11	0.0	0.0
102.5	0.0	0.0	0.0	0.0
107.5	0.0	0.0	0.0	0.0
112.5	0.0	0.0	0.0	0.0
117.5	0.0	0.0	0.0	0.0
122.5	7.68587247247e-10	6.32236293779e-10	0.0	0.0
127.5	0.0	0.0	0.0	0.0
132.5	2.19446923625e-10	2.19446923625e-10	0.0	0.0
137.5	0.0	0.0	0.0	0.0
142.5	1.08799296885e-10	8.616252202e-11	0.0	0.0
147.5	0.0	0.0	0.0	0.0
152.5	3.57991349286e-11	3.57991349286e-11	0.0	0.0
157.5	0.0	0.0	0.0	0.0
162.5	0.0	0.0	0.0	0.0
167.5	0.0	0.0	0.0	0.0
172.5	0.0	0.0	0.0	0.0
177.5	0.0	0.0	0.0	0.0
182.5	0.0	0.0	0.0	0.0
187.5	0.0	0.0	0.0	0.0
192.5	0.0	0.0	0.0	0.0
197.5	0.0	0.0	0.0	0.0
202.5	0.0	0.0	0.0	0.0
207.5	0.0	0.0	0.0	0.0
212.5	0.0	0.0	0.0	0.0
217.5	0.0	0.0	0.0	0.0
222.5	0.0	0.0	0.0	0.0
227.5	0.0	0.0	0.0	0.0
232.5	0.0	0.0	0.0	0.0
237.5	0.0	0.0	0.0	0.0
242.5	0.0	0.0	0.0	0.0
247.5	0.0	0.0	0.0	0.0
252.5	0.0	0.0	0.0	0.0
257.5	0.0	0.0	0.0	0.0
262.5	0.0	0.0	0.0	0.0
267.5	0.0	0.0	0.0	0.0
272.5	0.0	0.0	0.0	0.0
277.5	0.0	0.0	0.0	0.0
282.5	6.38421226145e-11	6.38421226145e-11	0.0	0.0
287.5	0.0	0.0	0.0	0.0
292.5	0.0	0.0	0.0	0.0
297.5	0.0	0.0	0.0	0.0
302.5	0.0	0.0	0.0	0.0
307.5	0.0	0.0	0.0	0.0
312.5	0.0	0.0	0.0	0.0
317.5	0.0	0.0	0.0	0.0
322.5	0.0	0.0	0.0	0.0
327.5	0.0	0.0	0.0	0.0
332.5	0.0	0.0	0.0	0.0
337.5	0.0	0.0	0.0	0.0
342.5	0.0	0.0	0.0	0.0
347.5	0.0	0.0	0.0	0.0
352.5	0.0	0.0	0.0	0.0
357.5	0.0	0.0	0.0	0.0
362.5	0.0	0.0	0.0	0.0
367.5	0.0	0.0	0.0	0.0
372.5	0.0	0.0	0.0	0.0
377.5	0.0	0.0	0.0	0.0
382.5	0.0	0.0	0.0	0.0
387.5	0.0	0.0	0.0	0.0
392.5	0.0	0.0	0.0	0.0
397.5	0.0	0.0	0.0	0.0
402.5	0.0	0.0	0.0	0.0
407.5	0.0	0.0	0.0	0.0
412.5	0.0	0.0	0.0	0.0
417.5	0.0	0.0	0.0	0.0
422.5	0.0	0.0	0.0	0.0
427.5	0.0	0.0	0.0	0.0
432.5	0.0	0.0	0.0	0.0
437.5	0.0	0.0	0.0	0.0
442.5	0.0	0.0	0.0	0.0
447.5	0.0	0.0	0.0	0.0
452.5	0.0	0.0	0.0	0.0
457.5	0.0	0.0	0.0	0.0
462.5	0.0	0.0	0.0	0.0
467.5	0.0	0.0	0.0	0.0
472.5	0.0	0.0	0.0	0.0
477.5	0.0	0.0	0.0	0.0
482.5	0.0	0.0	0.0	0.0
487.5	0.0	0.0	0.0	0.0
492.5	0.0	0.0	0.0	0.0
497.5	0.0	0.0	0.0	0.0
502.5	0.0	0.0	0.0	0.0
507.5	0.0	0.0	0.0	0.0
512.5	0.0	0.0	0.0	0.0
517.5	0.0	0.0	0.0	0.0
522.5	0.0	0.0	0.0	0.0
527.5	0.0	0.0	0.0	0.0
532.5	0.0	0.0	0.0	0.0
537.5	0.0	0.0	0.0	0.0
542.5	0.0	0.0	0.0	0.0
547.5	0.0	0.0	0.0	0.0
552.5	0.0	0.0	0.0	0.0
557.5	0.0	0.0	0.0	0.0
562.5	0.0	0.0	0.0	0.0
567.5	0.0	0.0	0.0	0.0
572.5	0.0	0.0	0.0	0.0
577.5	0.0	0.0	0.0	0.0
582.5	0.0	0.0	0.0	0.0
587.5	0.0	0.0	0.0	0.0
592.5	0.0	0.0	0.0	0.0
597.5	0.0	0.0	0.0	0.0
602.5	0.0	0.0	0.0	0.0
607.5	0.0	0.0	0.0	0.0
612.5	0.0	0.0	0.0	0.0
617.5	0.0	0.0	0.0	0.0
622.5	0.0	0.0	0.0	0.0
627.5	0.0	0.0	0.0	0.0
632.5	0.0	0.0	0.0	0.0
637.5	0.0	0.0	0.0	0.0
642.5	0.0	0.0	0.0	0.0
647.5	0.0	0.0	0.0	0.0
652.5	0.0	0.0	0.0	0.0
657.5	0.0	0.0	0.0	0.0
662.5	0.0	0.0	0.0	0.0
667.5	0.0	0.0	0.0	0.0
672.5	0.0	0.0	0.0	0.0
677.5	0.0	0.0	0.0	0.0
682.5	0.0	0.0	0.0	0.0
687.5	0.0	0.0	0.0	0.0
692.5	0.0	0.0	0.0	0.0
697.5	0.0	0.0	0.0	0.0
702.5	0.0	0.0	0.0	0.0
707.5	0.0	0.0	0.0	0.0
712.5	0.0	0.0	0.0	0.0
717.5	0.0	0.0	0.0	0.0
722.5	0.0	0.0	0.0	0.0
727.5	0.0	0.0	0.0	0.0
732.5	0.0	0.0	0.0	0.0
737.5	0.0	0.0	0.0	0.0
742.5	0.0	0.0	0.0	0.0
747.5	0.0	0.0	0.0	0.0
752.5	0.0	0.0	0.0	0.0
757.5	0.0	0.0	0.0	0.0
762.5	0.0	0.0	0.0	0.0
767.5	0.0	0.0	0.0	0.0
772.5	0.0	0.0	0.0	0.0
777.5	0.0	0.0	0.0	0.0
782.5	0.0	0.0	0.0	0.0
787.5	0.0	0.0	0.0	0.0
792.5	0.0	0.0	0.0	0.0
797.5	0.0	0.0	0.0	0.0
802.5	0.0	0.0	0.0	0.0
807.5	0.0	0.0	0.0	0.0
812.5	0.0	0.0	0.0	0.0
817.5	0.0	0.0	0.0	0.0
822.5	0.0	0.0	0.0	0.0
827.5	0.0	0.0	0.0	0.0
832.5	0.0	0.0	0.0	0.0
837.5	0.0	0.0	0.0	0.0
842.5	0.0	0.0	0.0	0.0
847.5	0.0	0.0	0.0	0.0
852.5	0.0	0.0	0.0	0.0
857.5	0.0	0.0	0.0	0.0
862.5	0.0	0.0	0.0	0.0
867.5	0.0	0.0	0.0	0.0
872.5	0.0	0.0	0.0	0.0
877.5	0.0	0.0	0.0	0.0
882.5	0.0	0.0	0.0	0.0
887.5	0.0	0.0	0.0	0.0
892.5	0.0	0.0	0.0	0.0
897.5	0.0	0.0	0.0	0.0
902.5	0.0	0.0	0.0	0.0
907.5	0.0	0.0	0.0	0.0
912.5	0.0	0.0	0.0	0.0
917.5	0.0	0.0	0.0	0.0
922.5	0.0	0.0	0.0	0.0
927.5	0.0	0.0	0.0	0.0
932.5	0.0	0.0	0.0	0.0
937.5	0.0	0.0	0.0	0.0
942.5	0.0	0.0	0.0	0.0
947.5	0.0	0.0	0.0	0.0
952.5	0.0	0.0	0.0	0.0
957.5	0.0	0.0	0.0	0.0
962.5	0.0	0.0	0.0	0.0
967.5	0.0	0.0	0.0	0.0
972.5	0.0	0.0	0.0	0.0
977.5	0.0	0.0	0.0	0.0
982.5	0.0	0.0	0.0	0.0
987.5	0.0	0.0	0.0	0.0
992.5	0.0	0.0	0.0	0.0
997.5	0.0	0.0	0.0	0.0
