# E_photon	π＋π→ρ0＋γ	π＋π→ρ0＋γ_error	π＋π0→ρ＋γ	π＋π0→ρ＋γ_error	π＋ρ→π0＋γ	π＋ρ→π0＋γ_error	π＋ρ0→π＋γ	π＋ρ0→π＋γ_error	π＋π→η＋γ	π＋π→η＋γ_error	π＋π→γ＋γ	π＋π→γ＋γ_error	π＋η→π＋γ	π＋η→π＋γ_error	π0＋ρ→π＋γ	π0＋ρ→π＋γ_error	π0＋ρ0→π0＋γ	π0＋ρ0→π0＋γ_error	total	total_error	
0.01	0.0	0.0	0.005184489032766798	0.0009927794240856284	0.0	0.0	0.0	0.0	0.0	0.0	0.0	0.0	0.0	0.0	0.0	0.0	0.0	0.0	0.005184489032766798	0.0009927794240856284
0.03	0.0	0.0	0.002017758005541281	0.00035001452530607885	0.0	0.0	0.0	0.0	0.0	0.0	0.0	0.0	0.0	0.0	0.0	0.0	0.0	0.0	0.002017758005541281	0.00035001452530607885
0.05	0.0	0.0	0.0007872335623721388	0.00011816532656424538	0.0	0.0	0.0	0.0	0.0	0.0	0.0	0.0	0.0	0.0	0.0	0.0	0.0	0.0	0.0007872335623721388	0.00011816532656424538
0.06999999999999999	0.0	0.0	0.00039161280110043003	5.682285042349984e-05	0.0	0.0	0.0	0.0	0.0	0.0	0.0	0.0	0.0	0.0	0.0	0.0	0.0	0.0	0.00039161280110043003	5.682285042349984e-05
0.09	0.0	0.0	0.00021797073237412275	2.9065470466412515e-05	0.0	0.0	0.0	0.0	0.0	0.0	0.0	0.0	0.0	0.0	0.0	0.0	0.0	0.0	0.00021797073237412275	2.9065470466412515e-05
0.11	0.0	0.0	0.0001283847030308891	1.639609363250218e-05	3.279927202524668e-09	1.7900587980377493e-08	0.0	0.0	0.0	0.0	0.0	0.0	0.0	0.0	3.158309961913525e-10	2.2108169733394662e-09	2.931111307409774e-10	2.0517779151868424e-09	0.00012838859190021854	1.6393745630629055e-05
0.13	0.0	0.0	8.712454641384244e-05	1.0487378777175559e-05	8.905293064880775e-09	2.8356481526173247e-08	1.7605548323913697e-09	5.887664388488115e-09	0.0	0.0	0.0	0.0	0.0	0.0	1.3206074760484366e-09	5.190046158125403e-09	3.6771806936903314e-09	1.4920351510363907e-08	8.714021004990945e-05	1.0478575510141681e-05
0.15000000000000002	0.0	0.0	6.0620808429565545e-05	6.813840476712572e-06	3.331069395107924e-08	4.806749532432606e-08	1.2753866111514994e-08	2.0873647656459344e-08	0.0	0.0	0.0	0.0	0.0	0.0	4.017882967910052e-09	5.771284937548045e-09	1.109228562300051e-08	2.2956703975529417e-08	6.0681983158219046e-05	6.816111733479545e-06
0.17	1.4116780628384088e-10	9.881746439868864e-10	4.307658892030063e-05	4.9976035287983424e-06	9.691054821950299e-08	6.946362817901016e-08	3.4448886031755116e-08	3.3323382355232756e-08	0.0	0.0	0.0	0.0	0.0	0.0	1.1601963205375787e-08	1.3047104964225985e-08	2.7682600859791284e-08	3.045876812584881e-08	4.3247374086423304e-05	5.0180975049193955e-06
0.19	3.0716116432241012e-09	8.58874477419862e-09	3.118189560197394e-05	3.645999562201312e-06	2.250226704089196e-07	1.1453536660982662e-07	6.519827816345273e-08	4.6685428167410386e-08	0.0	0.0	0.0	0.0	0.0	0.0	2.3214313825263614e-08	1.2927161999631778e-08	4.783434796449296e-08	4.4973046958196224e-08	3.15462368239793e-05	3.659982258640779e-06
0.21000000000000002	4.869609052295872e-09	8.528639116602058e-09	2.35303646172004e-05	2.529492681507808e-06	3.631571950919845e-07	1.3143652126590487e-07	9.862307591430327e-08	5.734967782147088e-08	0.0	0.0	0.0	0.0	0.0	0.0	4.8598965441520076e-08	1.785967754205165e-08	9.502667501005737e-08	5.0718127804246437e-08	2.4140640137710562e-05	2.5240887722815263e-06
0.23	1.1857257770526077e-08	1.5473127556838937e-08	1.775945010642188e-05	1.6259879737737088e-06	6.02325862444658e-07	1.7191762612100529e-07	1.490151542427198e-07	7.469131631833838e-08	0.0	0.0	0.0	0.0	0.0	0.0	7.807211820811589e-08	2.5791450556407668e-08	1.5496425924402294e-07	7.950836080635417e-08	1.875568475833192e-05	1.623107205515081e-06
0.25	2.2118133856600574e-08	2.1055587392327573e-08	1.3486674836918482e-05	1.3752170952072171e-06	8.562460937907442e-07	2.040851151827386e-07	2.2680130458292647e-07	8.204358948777591e-08	0.0	0.0	0.0	0.0	0.0	0.0	1.215659459032369e-07	3.4734910453050545e-08	2.1385437351998887e-07	7.958605930730785e-08	1.4927260688571981e-05	1.410463682913941e-06
0.27	2.906271610061469e-08	2.734791902859949e-08	1.0693035158248562e-05	1.2476951277694927e-06	1.190582084296978e-06	2.397828964936511e-07	3.0607341232013597e-07	9.00968578656702e-08	0.0	0.0	0.0	0.0	0.0	0.0	1.8048389858689692e-07	4.4786896513481004e-08	3.1854184220489685e-07	9.20234454277924e-08	1.2717779111758087e-05	1.2757554253210735e-06
0.29000000000000004	4.5497894149399024e-08	2.7956894390267025e-08	8.31599460619081e-06	9.575435265877478e-07	1.580812116233309e-06	2.613094425066637e-07	3.831668989484058e-07	9.898762300044898e-08	0.0	0.0	0.0	0.0	0.0	0.0	2.48311276982756e-07	5.306717781480979e-08	3.933048231238116e-07	1.0278052009806262e-07	1.0967087615628493e-05	1.0566347318139926e-06
0.31	6.126624005715863e-08	3.1281031514256824e-08	6.599954792790044e-06	8.279373124660738e-07	2.0099741008675607e-06	3.125490678008217e-07	4.802304573017068e-07	1.1218854755112658e-07	0.0	0.0	0.0	0.0	0.0	0.0	3.2164848702875046e-07	5.661435140248437e-08	4.6734990627704583e-07	1.024421075121825e-07	9.940423984322265e-06	8.905431898008724e-07
0.33	6.779565674294827e-08	3.689795244403992e-08	5.336683770870972e-06	6.67006695146049e-07	2.3141300418408645e-06	3.59827858382268e-07	5.505117968493989e-07	1.1830991040539126e-07	0.0	0.0	0.0	0.0	0.0	0.0	3.824257870026765e-07	6.985329458092961e-08	5.442453810995245e-07	1.3001555790658024e-07	9.19579243440638e-06	8.492640336658911e-07
0.35000000000000003	9.030341622232103e-08	3.895648907044979e-08	4.326270036493326e-06	6.717982363238211e-07	2.6760612444488124e-06	3.786288858262005e-07	6.082305969605581e-07	1.3717799054332402e-07	0.0	0.0	0.0	0.0	0.0	0.0	4.59787256881572e-07	7.767514933171352e-08	6.146294075462167e-07	1.22628001204245e-07	8.775281958552807e-06	8.628468783155381e-07
0.37	1.0865178224334214e-07	5.1818564954557535e-08	3.5240549976948406e-06	5.031629596573174e-07	2.899182932245069e-06	4.4146329399097293e-07	6.637840218647769e-07	1.4740391431553496e-07	0.0	0.0	0.0	0.0	0.0	0.0	5.192423814811697e-07	8.298589368367103e-08	7.074355969271367e-07	1.4002842781098455e-07	8.422351712456334e-06	8.423362420760506e-07
0.39	1.2342571592912988e-07	4.964928871103883e-08	2.794141619516467e-06	3.9652908778169816e-07	3.1255793694028563e-06	4.200714261939282e-07	7.15662450819692e-07	1.5486617178707465e-07	0.0	0.0	0.0	0.0	0.0	0.0	5.890071708825958e-07	8.512653413941294e-08	7.447590189675576e-07	1.5498593010435691e-07	8.0925753455183e-06	7.6744559532715e-07
0.41000000000000003	1.3930843725201627e-07	5.8469463666373304e-08	2.3011915504568317e-06	3.609940729888137e-07	3.2934179862144542e-06	4.1632390079877745e-07	7.61053903691815e-07	1.7921933975285598e-07	0.0	0.0	0.0	0.0	0.0	0.0	6.546218925532089e-07	1.0757819561595256e-07	7.903457936220173e-07	1.2311518849039888e-07	7.93993956379034e-06	7.091004134207608e-07
0.43	1.4114780585180444e-07	4.930448383321039e-08	1.947991909988531e-06	3.085662874220745e-07	3.4076015474707555e-06	4.5080786308058595e-07	7.852564151225369e-07	1.6246623971605168e-07	0.0	0.0	0.0	0.0	0.0	0.0	7.108337533943517e-07	1.0390594644586928e-07	8.527218424842479e-07	1.4430363161723847e-07	7.845553274312226e-06	6.510256952208657e-07
0.45	1.454533240588603e-07	6.048424681241587e-08	1.6061438660147518e-06	2.4381750419892026e-07	3.4777028235817256e-06	4.294298944507099e-07	8.06345431106764e-07	1.8063899321264382e-07	0.0	0.0	0.0	0.0	0.0	0.0	7.44304180712181e-07	1.0758388524171894e-07	8.629013733375806e-07	1.4848601674527383e-07	7.642850998811865e-06	6.195444990075823e-07
0.47000000000000003	1.5269673409874548e-07	5.739403255906076e-08	1.3220580098016869e-06	2.0981934270698807e-07	3.458454388793599e-06	4.080733094809858e-07	7.899839288574712e-07	1.6093461021044046e-07	0.0	0.0	0.0	0.0	0.0	0.0	7.76550280545695e-07	1.2273351696667914e-07	8.846314074019345e-07	1.6644970310879423e-07	7.3843747494991326e-06	6.19360301035034e-07
0.49	1.53856309667457e-07	5.753765906424778e-08	1.1165278489950401e-06	1.9850979436844524e-07	3.4646406500547887e-06	3.8691616913403905e-07	7.86216172745176e-07	1.5117068128461538e-07	0.0	0.0	0.0	0.0	0.0	0.0	8.059437037117998e-07	1.1888910632148393e-07	8.769379496744081e-07	1.626423371350257e-07	7.20412263484867e-06	5.971480625509437e-07
0.51	1.4553874740002073e-07	5.23376995907687e-08	9.278350475850479e-07	1.4497673110884338e-07	3.452388605158263e-06	4.105071923263773e-07	7.672513294368048e-07	1.5000407398255512e-07	0.0	0.0	0.0	0.0	0.0	0.0	8.255404926629097e-07	1.1255765117087078e-07	8.83633283898861e-07	1.6284636036778087e-07	7.002187506141908e-06	5.989695276799216e-07
0.53	1.4672468055445852e-07	5.4147817539418395e-08	7.399963582876137e-07	1.1276414866106345e-07	3.3492747255818426e-06	3.8490176758770716e-07	7.391648578345856e-07	1.3597521804689952e-07	0.0	0.0	0.0	0.0	0.0	0.0	8.270611737996178e-07	1.1520366952881471e-07	8.55918086123938e-07	1.3637225620259186e-07	6.6581398821820565e-06	5.915575106843741e-07
0.55	1.4906161501789198e-07	5.030224421851789e-08	6.414520025887337e-07	1.1263541966629353e-07	3.2920063634390196e-06	4.1747179869390083e-07	7.012396966449786e-07	1.2949968799064912e-07	0.0	0.0	0.0	0.0	0.0	0.0	8.266215950776667e-07	1.069540253705635e-07	8.240123695318624e-07	1.461981527889202e-07	6.434393642300154e-06	5.819425619046847e-07
0.5700000000000001	1.43161582768575e-07	4.822122685101678e-08	5.334339474298816e-07	9.01516030719412e-08	3.1767075978152717e-06	3.5731509595283517e-07	6.641308777715978e-07	1.1380562651659687e-07	0.0	0.0	0.0	0.0	0.0	0.0	8.332299103477532e-07	1.06898138748992e-07	7.8892744703622e-07	1.350843386133146e-07	6.139591363169301e-06	5.266345217137693e-07
0.59	1.362121003392179e-07	4.5341250894396623e-08	4.4113883245370175e-07	8.156797411548502e-08	2.9784651789199096e-06	3.607324768471289e-07	6.357384277305241e-07	1.0933870577891248e-07	0.0	0.0	0.0	0.0	0.0	0.0	8.16782717450876e-07	1.1010949223548429e-07	7.498142016007254e-07	1.2678125320246638e-07	5.758151458494956e-06	5.27203290794505e-07
0.61	1.2415571893803028e-07	4.1319588735215343e-08	3.7360689855216897e-07	7.630324340401641e-08	2.8438963704211835e-06	3.2381956966190667e-07	5.931951241170685e-07	9.634097889066211e-08	0.0	0.0	0.0	0.0	0.0	0.0	8.005228452355027e-07	1.1244250200476749e-07	7.351294979066531e-07	1.2768896204555165e-07	5.470506455170609e-06	5.099657230169912e-07
0.63	1.1106395241973157e-07	3.444922872668754e-08	3.1027114117230725e-07	5.625971066520275e-08	2.742091192872014e-06	3.0739584634871164e-07	5.575376421479129e-07	8.976963989016472e-08	0.0	0.0	0.0	0.0	0.0	0.0	7.741195875526022e-07	1.1281707660160464e-07	7.031284467271109e-07	1.3701030379596998e-07	5.198211962891677e-06	4.984691927697927e-07
0.65	1.0300156678221441e-07	3.086009388157713e-08	2.5892940020997274e-07	5.3655372340517e-08	2.5494305498523213e-06	3.1163043887295437e-07	5.189728581586085e-07	8.313800061131873e-08	0.0	0.0	0.0	0.0	0.0	0.0	7.514427538421658e-07	9.81543038183128e-08	6.527101046438932e-07	1.1052853717352814e-07	4.834487233489176e-06	4.585919929214691e-07
0.67	9.885865551956226e-08	3.030459172967948e-08	2.1604443276427204e-07	4.4552441831891544e-08	2.4191800007123373e-06	2.655608446005011e-07	4.81923197822774e-07	8.383858891138294e-08	0.0	0.0	0.0	0.0	0.0	0.0	7.151558065064672e-07	9.667662634962356e-08	6.16039258579626e-07	1.0530269050176956e-07	4.547201351905038e-06	4.1451202438958884e-07
0.6900000000000001	9.264806081288311e-08	3.0691480893752096e-08	1.8393126069307295e-07	4.307281427115066e-08	2.26306364886065e-06	2.516213010169647e-07	4.3820664770524563e-07	7.483879426233919e-08	0.0	0.0	0.0	0.0	0.0	0.0	6.872872630700285e-07	8.85138809046815e-08	5.716969240736325e-07	1.0801766216421606e-07	4.236833805215513e-06	3.886550616469495e-07
0.7100000000000001	8.1980320601659e-08	2.8681994719211407e-08	1.552540411678805e-07	3.7710542283419956e-08	2.1139287356478865e-06	2.3575874139486304e-07	4.0825721613107135e-07	6.991821913783401e-08	0.0	0.0	0.0	0.0	0.0	0.0	6.551104893626345e-07	8.214401993615221e-08	5.239261374110599e-07	1.0037916078184464e-07	3.938456940322194e-06	3.614759278138374e-07
0.73	7.409786784947591e-08	2.717318975358043e-08	1.2658504441578403e-07	2.6141163407800066e-08	1.974732482689389e-06	2.0844337488794222e-07	3.7665614238330233e-07	6.143207451446494e-08	0.0	0.0	0.0	0.0	0.0	0.0	6.302459060886136e-07	7.997946708996746e-08	4.969104860962067e-07	8.24985725172287e-08	3.6792279295227712e-06	3.228357287390258e-07
0.75	6.663813250784693e-08	2.2377869008912757e-08	1.0934542881551511e-07	2.500910100992006e-08	1.8170816140218352e-06	2.1025096038668958e-07	3.423104031220991e-07	5.003453797225483e-08	0.0	0.0	0.0	0.0	0.0	0.0	5.927817804364759e-07	7.894963650649721e-08	4.51988260048903e-07	7.18162780813995e-08	3.380145618952675e-06	3.007188766814745e-07
0.77	6.149370092758528e-08	2.0097951619794654e-08	9.333181920982893e-08	2.4845867094627464e-08	1.685529434744703e-06	1.639654567219232e-07	3.119840578587306e-07	4.811879773313815e-08	0.0	0.0	0.0	0.0	0.0	0.0	5.494105202781781e-07	7.143686045948083e-08	4.2960120376844677e-07	7.68057688993673e-08	3.1313507367874728e-06	2.5189689421089885e-07
0.79	5.1463521340788274e-08	1.8868007063599796e-08	8.09746322365897e-08	2.072665085441823e-08	1.5408533556794835e-06	1.6071941047863844e-07	2.7886655443030746e-07	4.2772126964513043e-08	0.0	0.0	0.0	0.0	0.0	0.0	5.229478582686726e-07	7.867528194021692e-08	3.8387011343714724e-07	6.458922638820834e-08	2.858976035392989e-06	2.4525357040705887e-07
0.81	4.750181211635229e-08	1.8714378159413804e-08	6.914136721508547e-08	1.765413764311217e-08	1.4199649860580764e-06	1.3524753914756684e-07	2.5497719120769915e-07	4.09946435050639e-08	0.0	0.0	0.0	0.0	0.0	0.0	4.835847004155114e-07	7.325673537117492e-08	3.650788081905456e-07	5.749671058886478e-08	2.6402488652032704e-06	2.1711964398122224e-07
0.8300000000000001	4.1938823000291296e-08	1.492642929468417e-08	5.6022602181468475e-08	1.5679889867048068e-08	1.308067310543264e-06	1.3139204930586165e-07	2.31361180946867e-07	3.532687570743184e-08	0.0	0.0	0.0	0.0	0.0	0.0	4.5721351902207475e-07	6.59611936573872e-08	3.269900351381308e-07	5.127342464486082e-08	2.4215934708320964e-06	2.0021461116635567e-07
0.85	3.731329789785665e-08	1.3644239794379902e-08	5.0592414368526645e-08	1.1680996992623142e-08	1.2035048276360991e-06	1.1982458887620968e-07	2.109016295308504e-07	3.44659546539352e-08	0.0	0.0	0.0	0.0	0.0	0.0	4.258757114360588e-07	5.980229158535897e-08	2.9689160658336605e-07	5.530284309910346e-08	2.2250794874527576e-06	1.9288010006871013e-07
0.87	3.189187056123301e-08	1.2550359654869107e-08	4.1972555184008824e-08	1.308404520895072e-08	1.0845363591937628e-06	1.0554824618564341e-07	1.8712138696706183e-07	3.214458652693346e-08	0.0	0.0	0.0	0.0	0.0	0.0	3.986765801473836e-07	5.6018082021868404e-08	2.7075217850798204e-07	5.5423620069605785e-08	2.0149509305614328e-06	1.6900567870865817e-07
0.89	2.790003925803756e-08	9.352146767242034e-09	3.571370387059238e-08	1.1290259125332908e-08	9.940566554888586e-07	1.0296927218977814e-07	1.6859643554094192e-07	2.7809723171705804e-08	0.0	0.0	0.0	0.0	0.0	0.0	3.6362798806786406e-07	5.027770028523973e-08	2.575007365072012e-07	4.981586423463452e-08	1.8473955587334952e-06	1.6401476250895252e-07
0.91	2.6093079351530117e-08	1.0994784742021122e-08	3.119326141920186e-08	1.2056070140082634e-08	8.914022887725769e-07	9.763681741067086e-08	1.5247696644453894e-07	2.8124706852013492e-08	0.0	0.0	0.0	0.0	0.0	0.0	3.417540497600188e-07	4.8635287303135047e-08	2.3540081390347236e-07	4.620134517098906e-08	1.6783204596513388e-06	1.5837581799113624e-07
0.93	2.222635165253731e-08	8.594861241914567e-09	2.7390028928312086e-08	1.0265082615409436e-08	8.16752071121267e-07	8.886613661245787e-08	1.339755193033188e-07	2.5226522541698052e-08	0.0	0.0	0.0	0.0	0.0	0.0	3.085652572942573e-07	4.577711995953421e-08	2.121430794123732e-07	3.987797362982171e-08	1.5210523077120665e-06	1.3438515765655613e-07
0.9500000000000001	2.0578318711220663e-08	8.920131490349997e-09	2.3472216390910178e-08	8.396581570647823e-09	7.401380595958094e-07	9.068181558985012e-08	1.215074676931981e-07	2.2429853003058083e-08	0.0	0.0	0.0	0.0	0.0	0.0	2.8848844054089064e-07	4.332826525855879e-08	1.895174316436181e-07	3.807227184709416e-08	1.3837019345756472e-06	1.3723411007783666e-07
0.97	1.8158873221345862e-08	8.796220435652582e-09	1.913185473982806e-08	6.772243282532565e-09	6.599950123075886e-07	7.096149996515513e-08	1.0809540625748638e-07	2.0918689432329597e-08	0.0	0.0	0.0	0.0	0.0	0.0	2.5984823373787225e-07	3.5913683265800416e-08	1.720809067880724e-07	3.5652047947811914e-08	1.237310287052193e-06	1.1146035769295088e-07
0.99	1.6491002562961105e-08	8.190340067389781e-09	1.662575543087354e-08	6.156976164449635e-09	6.026542576658403e-07	6.346979579689509e-08	9.860705731867426e-08	1.8394522244324487e-08	0.0	0.0	0.0	0.0	0.0	0.0	2.3834985104358369e-07	3.9737051221477655e-08	1.5636025321506497e-07	3.152827715902823e-08	1.1290881772369978e-06	1.0074112246624197e-07
1.01	1.523578262600657e-08	6.793850072135707e-09	1.3941784005963791e-08	5.973624530683047e-09	5.447898529636296e-07	6.835734914290576e-08	8.511029642630597e-08	1.6632420282421932e-08	0.0	0.0	0.0	0.0	0.0	0.0	2.2088628392951837e-07	3.608249976857065e-08	1.4275645047921755e-07	3.376721364361408e-08	1.0227204504306417e-06	1.0535481065122277e-07
1.03	1.266684918048778e-08	6.146246406730835e-09	1.1977865711010917e-08	5.610390618684266e-09	4.988188912758972e-07	6.47641830819608e-08	7.686907803469806e-08	1.5125042448544254e-08	0.0	0.0	0.0	0.0	0.0	0.0	2.009400817803309e-07	3.235688385701868e-08	1.2791468462655954e-07	3.08288579150605e-08	9.291874506089845e-07	9.72804823599289e-08
1.05	1.1220683253981593e-08	5.836895944973133e-09	1.0421643585759081e-08	5.780170547221429e-09	4.325873469023659e-07	5.963516918072051e-08	6.959368640850982e-08	1.4108250376222723e-08	0.0	0.0	0.0	0.0	0.0	0.0	1.8435942095338358e-07	3.270099302526446e-08	1.1778014887974218e-07	2.501999396814031e-08	8.259629299837426e-07	9.118273216254563e-08
1.07	9.30328862859929e-09	4.688668954663425e-09	8.948688891238231e-09	4.8061269764942866e-09	3.964981271995818e-07	5.142151347909318e-08	6.241921279441815e-08	1.2796470599534243e-08	0.0	0.0	0.0	0.0	0.0	0.0	1.6813925957028876e-07	2.8634092768643542e-08	1.0458108648914153e-07	2.299474718682632e-08	7.498896635732678e-07	7.342577625827645e-08
1.09	8.085249677495648e-09	4.81434712204059e-09	7.071368543482308e-09	3.7879585686928125e-09	3.546031641982895e-07	4.582918924254964e-08	5.579807888223933e-08	1.1463605798870296e-08	0.0	0.0	0.0	0.0	0.0	0.0	1.514828244375114e-07	2.9676581174524413e-08	9.495101050520938e-08	2.2260971353894006e-08	6.719916962442276e-07	7.080444696467626e-08
1.11	7.0237645451053225e-09	4.228961631496862e-09	6.964939727614552e-09	4.400808235707437e-09	3.21985784925914e-07	4.2450549640237085e-08	4.8386039531348615e-08	1.0316409782960526e-08	0.0	0.0	0.0	0.0	0.0	0.0	1.3521416288831102e-07	2.529753173096462e-08	8.450021452717363e-08	1.9105117443443336e-08	6.040749061454671e-07	6.301283523521683e-08
1.1300000000000001	6.4038723149854815e-09	4.072806820165602e-09	5.5704664000098205e-09	3.3990237945735278e-09	2.8917457214765156e-07	4.046629006908345e-08	4.456873038272458e-08	9.909177917849142e-09	0.0	0.0	0.0	0.0	0.0	0.0	1.2396331206435082e-07	2.4933760525210055e-08	7.63862510785734e-08	1.9329083713289403e-08	5.460672043882956e-07	5.817442262054127e-08
1.1500000000000001	5.691942334300253e-09	3.617806905306762e-09	4.892270345880012e-09	2.6360463432948064e-09	2.5855761871631765e-07	4.0366789160252535e-08	3.9240307137118674e-08	9.138730513488297e-09	0.0	0.0	0.0	0.0	0.0	0.0	1.1636507225040953e-07	2.572512225522299e-08	6.669735472639524e-08	1.9609807850655776e-08	4.914445655104212e-07	6.192280011764456e-08
1.17	5.146309597232307e-09	3.1573667553998185e-09	4.576060436654447e-09	2.705470382706328e-09	2.3587595196256657e-07	3.1720242436150446e-08	3.402200418373111e-08	8.067844959287143e-09	0.0	0.0	0.0	0.0	0.0	0.0	1.0411932107371003e-07	2.0492028947693103e-08	6.288433777450137e-08	1.7581324434439246e-08	4.466239850283958e-07	4.836354480016133e-08
1.19	3.8263346963289474e-09	2.553004734549303e-09	3.7164655905780463e-09	2.36719779496552e-09	2.0787124619208922e-07	3.086986825042306e-08	3.0731166361241214e-08	6.74736206238407e-09	0.0	0.0	0.0	0.0	0.0	0.0	9.501634934476133e-08	1.6565427261994312e-08	5.541347570123022e-08	1.4367667318496905e-08	3.9657503788622904e-07	4.254059219529224e-08
1.21	3.203164254438286e-09	2.0654912106489102e-09	3.442328154138879e-09	2.2390995965399797e-09	1.8636723277063098e-07	3.0191602157119446e-08	2.7165440489976697e-08	6.094895407278973e-09	0.0	0.0	0.0	0.0	0.0	0.0	8.497365370343233e-08	1.8069084074161693e-08	5.044049832967413e-08	1.3989246529762795e-08	3.555923177022915e-07	4.271901395502196e-08
1.23	3.2436386812004724e-09	2.2051352499600722e-09	2.8180238474175965e-09	1.8095319896942193e-09	1.6345179107115266e-07	2.5678777634167532e-08	2.4163757647991602e-08	4.8042572693689035e-09	0.0	0.0	0.0	0.0	0.0	0.0	7.579561450651475e-08	1.515372917587195e-08	4.449767463885148e-08	1.2696740957655138e-08	3.1397050039312854e-07	3.63941971602501e-08
1.25	2.9665898367502823e-09	2.365130892377754e-09	2.4765029366120007e-09	1.7513397070675734e-09	1.4769151619870997e-07	2.6339145889577128e-08	2.077838008535892e-08	4.106479436827277e-09	0.0	0.0	0.0	0.0	0.0	0.0	6.936055922639883e-08	1.4736383252264355e-08	3.828903152109476e-08	1.1630641606966383e-08	2.815625798049247e-07	3.775709350854592e-08
1.27	2.5724304793860765e-09	1.8258402057963762e-09	1.930065543268237e-09	1.4269776331934912e-09	1.2993779313405003e-07	2.4867251621420405e-08	1.911401081430769e-08	3.745390078935702e-09	0.0	0.0	0.0	0.0	0.0	0.0	6.208770009580061e-08	1.3340007086905416e-08	3.62365224618104e-08	1.1753840089288007e-08	2.518785225286231e-07	3.3925514545140697e-08
1.29	2.2382560506833352e-09	1.7471277607665362e-09	2.1124089498402965e-09	1.4689461273332246e-09	1.164405886119268e-07	2.1152781955700998e-08	1.595620954652861e-08	3.954120660744905e-09	0.0	0.0	0.0	0.0	0.0	0.0	5.634684940790511e-08	1.2089012120838361e-08	3.0903792651439365e-08	9.30793199684051e-09	2.2399810521832346e-07	2.7655361518089884e-08
1.31	1.7612408216854805e-09	1.510854335490135e-09	1.4466319392964998e-09	1.2121352342966106e-09	1.030770353657022e-07	1.9074014902314275e-08	1.3854123863073727e-08	3.2957535020404037e-09	0.0	0.0	0.0	0.0	0.0	0.0	4.924350155745897e-08	1.0718760114721937e-08	2.9371157416774114e-08	9.637945743183898e-09	1.9875369096399096e-07	2.6629712575459856e-08
1.33	1.6085298444061137e-09	1.4864260564568329e-09	1.4321507153184931e-09	1.2861419823100776e-09	9.498021986944469e-08	1.916010095372929e-08	1.2273951107869218e-08	2.8296640465000727e-09	0.0	0.0	0.0	0.0	0.0	0.0	4.599005088219344e-08	1.0192683231079772e-08	2.604107143933756e-08	8.852197190276477e-09	1.8232597385856958e-07	2.560152996419123e-08
1.35	1.5510495561573406e-09	1.511419959465218e-09	1.274722977982022e-09	1.1327307048649194e-09	8.374362229010068e-08	1.59228941555153e-08	1.0979332930103206e-08	3.1209525922411146e-09	0.0	0.0	0.0	0.0	0.0	0.0	4.1488474808493034e-08	8.201804831525612e-09	2.324479907790177e-08	8.310233907465419e-09	1.622820016407381e-07	2.3388426126247605e-08
1.37	1.2822977691434135e-09	1.4109742501628655e-09	1.1896158833906356e-09	1.1616037244005188e-09	7.538093103140358e-08	1.6431773424492102e-08	9.534380115473158e-09	2.485254236256377e-09	0.0	0.0	0.0	0.0	0.0	0.0	3.6760453673264974e-08	8.846676174805704e-09	2.1649642332613907e-08	8.614617001243989e-09	1.4579732080528962e-07	2.2152545064975177e-08
1.3900000000000001	1.0397799820905131e-09	1.1393114335365617e-09	9.932193253888063e-10	8.56512607434077e-10	6.512502799846664e-08	1.2182143977786229e-08	8.715967002489026e-09	2.615899909476464e-09	0.0	0.0	0.0	0.0	0.0	0.0	3.289789850832332e-08	9.011602290375671e-09	1.862996694176651e-08	8.354620555333917e-09	1.274018597585248e-07	1.8761472020467843e-08
1.4100000000000001	1.011866283012705e-09	1.2222029562013533e-09	7.628335548709903e-10	8.160895900333055e-10	5.832899468183521e-08	1.2377230105420367e-08	7.554270475030956e-09	2.236320991073454e-09	0.0	0.0	0.0	0.0	0.0	0.0	2.8641914727258007e-08	8.373187172961833e-09	1.6931021169297714e-08	7.0973071338152e-09	1.132309008913056e-07	1.834861465890916e-08
1.43	7.252084262790792e-10	9.318121972746886e-10	7.085214881689288e-10	8.829539285058788e-10	5.352836484833352e-08	1.3577307893328373e-08	6.986888044848988e-09	1.931613451950796e-09	0.0	0.0	0.0	0.0	0.0	0.0	2.5815900226147562e-08	7.041052175548087e-09	1.5014058966573215e-08	6.49099693305827e-09	1.0277894200035129e-07	1.6482207574485946e-08
1.45	6.657766687895662e-10	8.116871632120822e-10	6.787582421567206e-10	8.108779984204198e-10	4.7233496381459034e-08	1.2183443679405654e-08	5.713043256286106e-09	1.6063559522003052e-09	0.0	0.0	0.0	0.0	0.0	0.0	2.353005348546608e-08	7.073247259196826e-09	1.264317950184148e-08	6.8183637599320324e-09	9.046430753599897e-08	1.661315490269466e-08
1.47	5.589964661172456e-10	7.61460882063955e-10	5.85994745828983e-10	8.733737230635962e-10	3.912471088041717e-08	1.1103143360187001e-08	4.881635281174075e-09	1.234909465356645e-09	0.0	0.0	0.0	0.0	0.0	0.0	2.0274856435397356e-08	5.8881178088173556e-09	1.1800893136408594e-08	5.954487529326682e-09	7.722708694534342e-08	1.4315134826646743e-08
1.49	4.728836804003271e-10	7.505954541079061e-10	5.188607457294485e-10	7.725846460491663e-10	3.627557623373227e-08	1.067012327932498e-08	4.398682941949356e-09	1.4363156061100381e-09	0.0	0.0	0.0	0.0	0.0	0.0	1.8790035361447106e-08	7.03275840448193e-09	1.019618221015998e-08	5.289908599638473e-09	7.065222117341848e-08	1.308605385002229e-08
1.51	4.621646614235108e-10	6.728763322472271e-10	3.916814186467275e-10	7.476150968667081e-10	3.178326007432323e-08	9.022799389809538e-09	3.793356360420707e-09	1.1684042293375237e-09	0.0	0.0	0.0	0.0	0.0	0.0	1.6740243139851785e-08	5.722653288042318e-09	9.484709389678383e-09	4.636150016889721e-09	6.265541504434433e-08	1.2467723483608664e-08
1.53	3.704966814758563e-10	6.005516728270443e-10	4.076823158689101e-10	6.274262114832053e-10	2.8792279124154238e-08	9.056378525411639e-09	3.5422338183241504e-09	1.403901411096602e-09	0.0	0.0	0.0	0.0	0.0	0.0	1.515735087338515e-08	5.161159641115723e-09	7.912519322119945e-09	4.0996075813092545e-09	5.618256213532825e-08	1.176568466159284e-08
1.55	3.481165590536107e-10	5.244750953026303e-10	3.489065973012367e-10	5.416479659250835e-10	2.4901585683073974e-08	6.897266500380069e-09	2.9157745998270526e-09	9.70921732551883e-10	0.0	0.0	0.0	0.0	0.0	0.0	1.3982780448746223e-08	5.659779151847281e-09	7.349126421142395e-09	4.372204507846872e-09	4.984629030914448e-08	1.1283901084615321e-08
1.57	3.2509605674417453e-10	6.091158159165642e-10	2.89862909941351e-10	4.677082555447676e-10	2.251370727073234e-08	7.142731147916642e-09	2.7777264876434484e-09	1.0065818972180918e-09	0.0	0.0	0.0	0.0	0.0	0.0	1.1600941418316838e-08	4.0230072191229695e-09	6.541373236813438e-09	4.392385373625276e-09	4.40487073801916e-08	9.359456713112812e-09
1.59	2.3949692857558534e-10	6.413553954060227e-10	2.2667926407518524e-10	2.896258665548359e-10	2.029970759185976e-08	6.010934485779765e-09	2.4804232330324757e-09	8.567355705505835e-10	0.0	0.0	0.0	0.0	0.0	0.0	1.0323774039168234e-08	3.826420362870105e-09	6.0613838698834636e-09	3.7664777194156236e-09	3.963146492659471e-08	7.615042408958438e-09
1.61	1.5545485854927633e-10	3.329786511261754e-10	1.6762407775636297e-10	2.4819865084529795e-10	1.757057331757506e-08	5.725186397838634e-09	2.0389381997234618e-09	8.783378622330526e-10	0.0	0.0	0.0	0.0	0.0	0.0	8.977880856276359e-09	3.927482340610902e-09	5.283465380398594e-09	3.998462794864144e-09	3.4193936690279125e-08	8.607121341240624e-09
1.6300000000000001	2.088258011408433e-10	4.0128209993412533e-10	1.4632166623398363e-10	2.696718347248613e-10	1.4850402479731618e-08	4.8499777565066126e-09	1.576559666483771e-09	6.034997604032818e-10	0.0	0.0	0.0	0.0	0.0	0.0	8.774942539823787e-09	3.753294757341347e-09	5.1863313366350185e-09	3.4645800951669364e-09	3.0743383490049005e-08	7.724208318485366e-09
1.6500000000000001	1.6728882712576974e-10	3.968414979956529e-10	1.4796847152260742e-10	3.5288988743760595e-10	1.4102320600055285e-08	4.750806652831065e-09	1.6842554128534137e-09	7.134472946159826e-10	0.0	0.0	0.0	0.0	0.0	0.0	7.105691002578477e-09	3.0796368102693763e-09	3.7247552708771937e-09	2.7247887766031857e-09	2.693227958501274e-08	7.097059814746143e-09
1.6700000000000002	1.597883677543978e-10	4.5002484507344737e-10	1.121565654819702e-10	2.290943776497087e-10	1.1694980791309484e-08	4.1823295828167545e-09	1.4721559339341594e-09	8.200188388900659e-10	0.0	0.0	0.0	0.0	0.0	0.0	6.3600609365170494e-09	2.654404069745976e-09	3.396745343434496e-09	2.375038280113019e-09	2.3195887938431563e-08	6.700987700200284e-09
1.69	1.8406148020497113e-10	4.3491960852429185e-10	9.409714298986453e-11	2.6337302743524544e-10	1.0759820653336536e-08	3.730454320004068e-09	1.1841216347729563e-09	5.400553527026969e-10	0.0	0.0	0.0	0.0	0.0	0.0	6.0572227303557136e-09	3.241617825429431e-09	3.374134543053905e-09	2.3357925488120804e-09	2.165345818471395e-08	5.686949071636591e-09
1.71	1.8300147826098996e-10	4.4493983418941656e-10	9.377189957523919e-11	2.4139990966926737e-10	9.74688639234629e-09	4.6940478561923684e-09	1.0651247942442103e-09	4.852667283676212e-10	0.0	0.0	0.0	0.0	0.0	0.0	5.204470720239259e-09	3.403809049747815e-09	2.4412145228257573e-09	1.665906991250324e-09	1.8734469807491737e-08	5.966107178495927e-09
1.73	8.074281846499505e-11	2.1969614351526764e-10	1.29331826065037e-10	3.3791007005336807e-10	8.420698421167363e-09	4.003275744557818e-09	8.886837519450289e-10	4.45321817266104e-10	0.0	0.0	0.0	0.0	0.0	0.0	4.551316614814168e-09	2.4510794054074195e-09	2.2398299810153833e-09	1.911044984924667e-09	1.6310603413471972e-08	5.631700361286756e-09
1.75	8.654650887528697e-11	2.5662538595287194e-10	9.816680025790455e-11	2.4350240807471166e-10	7.223377174701258e-09	3.412941078660462e-09	8.123884252445547e-10	4.385350056344324e-10	0.0	0.0	0.0	0.0	0.0	0.0	4.3142287862404626e-09	2.226744229282151e-09	2.1529815042883857e-09	1.9235540581449502e-09	1.4687689199607851e-08	4.8355717675211605e-09
1.77	6.869255995609461e-11	1.7813931622966658e-10	6.350080704705053e-11	1.2493062730932265e-10	6.579014973689366e-09	3.0727505505189453e-09	6.953795952257169e-10	3.651430855368086e-10	0.0	0.0	0.0	0.0	0.0	0.0	3.7120449581798814e-09	1.8177489735906755e-09	1.9582347773141003e-09	2.0015147259517572e-09	1.307686767141221e-08	4.490298677012524e-09
1.79	1.0387150307433338e-10	2.8011411463307975e-10	7.167275738763643e-11	1.6756928798680993e-10	6.045413172822256e-09	3.4257199043162053e-09	6.06709857353012e-10	2.9586599509681826e-10	0.0	0.0	0.0	0.0	0.0	0.0	3.680832043636706e-09	2.035359019201628e-09	1.4456226116337436e-09	1.3642060032661617e-09	1.1954121945907688e-08	4.949215170067492e-09
1.81	8.15176737902432e-11	2.599964795228021e-10	4.5096918020638e-11	1.0015862593339013e-10	5.793481198806127e-09	3.252420375003962e-09	5.14292837790715e-10	3.1943644868198276e-10	0.0	0.0	0.0	0.0	0.0	0.0	2.9060924572531537e-09	2.043592358297014e-09	1.4695450639740752e-09	1.3308547659762289e-09	1.0810026149634953e-08	4.397850454623817e-09
1.83	5.433872142084927e-11	1.7507964534134296e-10	4.724104327266918e-11	1.382714838040496e-10	4.4354282108030885e-09	2.419817884711313e-09	4.418761836017075e-10	2.5589984025828785e-10	0.0	0.0	0.0	0.0	0.0	0.0	2.5615797683303642e-09	1.936464961537993e-09	1.3129986943415311e-09	1.1034517275893651e-09	8.85346262177021e-09	3.839667486106509e-09
1.85	5.912725408031321e-11	1.720940361890773e-10	3.227012239426799e-11	8.770233753189575e-11	4.121125150812114e-09	2.5061796566085755e-09	4.018361041447318e-10	2.3262205505722378e-10	0.0	0.0	0.0	0.0	0.0	0.0	2.2367115180341006e-09	1.3896229252554351e-09	1.130977027038494e-09	1.0771345200610278e-09	7.982047176504022e-09	3.4872513282708028e-09
1.87	4.9109186471510844e-11	1.700132006697419e-10	1.6458636281564127e-11	5.0915255753863444e-11	3.688813254070615e-09	2.419275537893779e-09	3.4857086545516895e-10	2.1451881693928756e-10	0.0	0.0	0.0	0.0	0.0	0.0	1.7190817726106242e-09	1.145232484590919e-09	9.907292328423487e-10	1.1119671087729108e-09	6.812762947731834e-09	3.259867724926881e-09
1.8900000000000001	4.449958106391751e-11	1.4683934433723623e-10	2.0457723700837637e-11	5.6050533229617693e-11	3.4984390475166527e-09	2.4038843341698314e-09	2.6194960174153576e-10	2.031160917585912e-10	0.0	0.0	0.0	0.0	0.0	0.0	1.5374660701798122e-09	1.2231509472077596e-09	8.745188527328024e-10	8.876735460280588e-10	6.237330876935557e-09	3.0734822614105065e-09
1.9100000000000001	3.727934825082903e-11	1.4007872736282268e-10	1.3010901685697576e-11	4.6535531359469327e-11	3.0157455347512748e-09	2.008591002965098e-09	2.697052848851826e-10	2.1894315870119286e-10	0.0	0.0	0.0	0.0	0.0	0.0	1.6073098753236018e-09	1.0883961907159112e-09	7.992679940440007e-10	7.681782826962308e-10	5.742318938940589e-09	2.497311229842101e-09
1.93	3.187541030522414e-11	1.2622198410743526e-10	1.8753188221739426e-11	6.704127539627125e-11	2.510000467641052e-09	1.91986932029992e-09	2.24368348804648e-10	1.8014787058870063e-10	0.0	0.0	0.0	0.0	0.0	0.0	1.2694101059057481e-09	1.0757770757894691e-09	8.697221634719225e-10	1.1944716920535604e-09	4.924129684350336e-09	2.6532810987150325e-09
1.95	2.257721725288605e-11	6.993945059357444e-11	5.103974987316947e-12	2.2169086060978506e-11	2.0365587321717025e-09	1.595694636376902e-09	1.7423706979335163e-10	1.9352429300560372e-10	0.0	0.0	0.0	0.0	0.0	0.0	1.2433365637477272e-09	1.3370720333436714e-09	7.732377359378737e-10	1.0711388951551996e-09	4.255051293890857e-09	2.251955490552775e-09
1.97	5.8115465488695826e-11	1.8843477233892516e-10	1.9102714839509623e-11	7.439701747856855e-11	2.0907502812608355e-09	2.110834034138108e-09	2.0997656932350655e-10	1.3576543023528395e-10	0.0	0.0	0.0	0.0	0.0	0.0	8.907683376750012e-10	8.880790627491041e-10	5.084295009809477e-10	7.171862276772962e-10	3.7771428695684965e-09	2.397743189830569e-09
1.99	5.1469874255733856e-11	2.0586748847265788e-10	6.270813466171435e-12	2.2675837303360887e-11	1.8392173012743244e-09	1.5342381362129046e-09	1.6466575005145624e-10	1.430278624717192e-10	0.0	0.0	0.0	0.0	0.0	0.0	1.0859064728490716e-09	9.523780436321548e-10	4.780838734870218e-10	6.576768215385328e-10	3.6256140853837793e-09	2.142515680712926e-09
2.01	1.2170572120169795e-11	6.957322315067555e-11	9.7514018312774e-12	3.1118049837158856e-11	1.4801902692195102e-09	1.2641691130534086e-09	1.53280269356044e-10	1.4240015582803908e-10	0.0	0.0	0.0	0.0	0.0	0.0	9.124972265614595e-10	1.046028989095642e-09	4.44145472125422e-10	7.158844934209481e-10	3.0120352112138837e-09	1.829503361132526e-09
2.03	9.64992740204019e-12	5.265559366435731e-11	7.0610066547567285e-12	2.9854512209423254e-11	1.409622184351961e-09	1.4638341491731149e-09	1.2029504030357629e-10	1.0603576433203883e-10	0.0	0.0	0.0	0.0	0.0	0.0	8.122710946674669e-10	8.586343966845213e-10	4.1402021055728925e-10	5.45643382688215e-10	2.7729194639370907e-09	1.937635122968459e-09
2.05	4.7500719461450985e-12	3.325050362301568e-11	1.5500816109180323e-11	5.3519971411620126e-11	1.1612396776553374e-09	1.1083551300629194e-09	1.2528996239608014e-10	1.3890967882974022e-10	0.0	0.0	0.0	0.0	0.0	0.0	6.8668389557916e-10	1.0003372024553624e-09	3.8730445430382023e-10	6.037412343238298e-10	2.3807688779897226e-09	1.7174884402807998e-09
2.07	1.0838607718516681e-11	6.256872250520527e-11	1.7553781379023083e-11	5.873924551302401e-11	9.581816960564925e-10	9.361376722191914e-10	1.0001560227244975e-10	1.1584588760287083e-10	0.0	0.0	0.0	0.0	0.0	0.0	6.461805516277369e-10	1.1218367104227153e-09	3.248820953422504e-10	5.06961856701596e-10	2.057652334396469e-09	1.5996070118062704e-09
2.09	1.1511227605419164e-11	8.057859323793411e-11	6.849535635261286e-12	2.781856349194029e-11	8.816471908691662e-10	8.656039506201879e-10	9.450039117934093e-11	9.866333551332699e-11	0.0	0.0	0.0	0.0	0.0	0.0	5.348978901704989e-10	6.482903157473623e-10	3.089708882079411e-10	4.284861591580305e-10	1.838377123667627e-09	1.1594273830925654e-09
2.11	4.586797792914811e-12	3.2107584550403706e-11	3.037700527535549e-12	1.2070411271771394e-11	9.967726578513675e-10	1.296009264750087e-09	8.424149261559242e-11	8.700264530883082e-11	0.0	0.0	0.0	0.0	0.0	0.0	4.881116485575154e-10	6.716404604049812e-10	1.6088616298624025e-10	2.7020219542407427e-10	1.7376364603311665e-09	1.6572171084169952e-09
2.13	1.0900145926045838e-11	6.24865017632392e-11	9.248241166966994e-12	4.2952983903337723e-11	7.642705435973971e-10	8.605671933854158e-10	7.001907520196555e-11	7.918884120069374e-11	0.0	0.0	0.0	0.0	0.0	0.0	4.002092096804647e-10	4.5136313579415826e-10	2.5231158948278586e-10	5.190831160240738e-10	1.5069588050556257e-09	1.197780481146013e-09
2.15	9.82714777086119e-12	5.0104903955469437e-11	7.322385715973994e-12	4.9454912095127256e-11	5.90637736366497e-10	6.844945789707333e-10	4.9162120596922265e-11	6.296619034130853e-11	0.0	0.0	0.0	0.0	0.0	0.0	3.6128213329263476e-10	4.945396141691268e-10	2.514436052844665e-10	5.409572506825165e-10	1.2696751290273557e-09	1.0630652353298717e-09
2.17	0.0	0.0	2.552488963517565e-12	1.314141048385143e-11	5.903498717461777e-10	7.357098434425706e-10	5.970127943417977e-11	8.172328785435323e-11	0.0	0.0	0.0	0.0	0.0	0.0	3.600047258854065e-10	5.543046619168971e-10	1.5008736995921898e-10	2.862838211338643e-10	1.1626957359885003e-09	1.0507534463277108e-09
2.19	2.3213028090946156e-12	1.6249119663662312e-11	5.17785710999152e-12	3.624499976994064e-11	4.864922940160621e-10	7.551410918572145e-10	4.2390701362283737e-11	5.067422256287852e-11	0.0	0.0	0.0	0.0	0.0	0.0	4.071903381407532e-10	6.806823479494641e-10	1.8869247296993669e-10	3.932445751429965e-10	1.1322649664081222e-09	1.205671968435664e-09
2.21	2.11426241969978e-12	1.479983693789845e-11	6.3166577474368365e-12	2.9067424722353948e-11	4.331225167380722e-10	5.980799706423066e-10	4.052362064959501e-11	6.863431896728717e-11	0.0	0.0	0.0	0.0	0.0	0.0	2.5324493789681583e-10	4.901430644872461e-10	1.6666024199457046e-10	4.147333614027134e-10	9.019822374461904e-10	9.189618226536031e-10
2.23	5.9906526552693574e-12	4.1934568586885496e-11	2.411004431936046e-12	1.0952591984125601e-11	4.1998916544058397e-10	6.926463269659921e-10	2.658126961884728e-11	4.470456838799385e-11	0.0	0.0	0.0	0.0	0.0	0.0	2.2858718764656192e-10	3.364199906266341e-10	9.02821381768905e-11	1.800589014883374e-10	7.73841417970089e-10	8.57541332740636e-10
2.25	0.0	0.0	1.5778776785736695e-12	1.1045143750015692e-11	3.067455576306679e-10	4.2635948299034945e-10	1.7202564609487096e-11	2.4564957763786882e-11	0.0	0.0	0.0	0.0	0.0	0.0	1.400499766305741e-10	2.4131897867310707e-10	1.173672877760663e-10	2.6286913621875687e-10	5.829432643253691e-10	6.041460265480935e-10
2.27	3.803687751372035e-12	2.662581425960425e-11	7.648133826366307e-12	5.016442148620285e-11	3.4593621082860157e-10	5.27403697707967e-10	2.3102607405938923e-11	3.953964775149127e-11	0.0	0.0	0.0	0.0	0.0	0.0	2.3495363284111827e-10	3.681519198942215e-10	7.860760293774302e-11	2.097994709274475e-10	6.940518755911399e-10	6.840169966637622e-10
2.29	7.85776965309904e-12	5.5004387571693256e-11	7.853593472944731e-13	5.49751543106131e-12	2.509402208239998e-10	3.9743792173969914e-10	1.5781896445199894e-11	3.0684848457619707e-11	0.0	0.0	0.0	0.0	0.0	0.0	1.9769504037199292e-10	3.0540864893751785e-10	5.5572933376039106e-11	1.6421171621149406e-10	5.286332200176253e-10	5.658321050673925e-10
2.31	1.7895208911197298e-12	1.2526646237838125e-11	0.0	0.0	2.965171208980873e-10	4.887286472936372e-10	2.3163009275576632e-11	5.5178700799925576e-11	0.0	0.0	0.0	0.0	0.0	0.0	1.1572246125720038e-10	2.2203324167233717e-10	1.1559463250722898e-10	2.724680312373244e-10	5.52786744829213e-10	6.374886861726203e-10
2.3299999999999996	1.898995632165972e-12	1.3292969425161786e-11	0.0	0.0	1.8258120008813167e-10	3.66272795014006e-10	1.8816456792373433e-11	3.9137412025679226e-11	0.0	0.0	0.0	0.0	0.0	0.0	1.2911066102489402e-10	2.3615967770048976e-10	5.799466180935562e-11	1.7702580342157223e-10	3.904019753469208e-10	4.582683430591109e-10
2.3499999999999996	1.7578403278083651e-12	1.2304882294658546e-11	0.0	0.0	1.9777332842362958e-10	3.572743809576053e-10	1.3052088487347568e-11	3.0734037254519944e-11	0.0	0.0	0.0	0.0	0.0	0.0	1.380580761320371e-10	3.0351060107795133e-10	5.796510054644744e-11	1.4279150729615258e-10	4.0860643391726994e-10	4.5766935050404435e-10
2.3699999999999997	0.0	0.0	0.0	0.0	2.053011992673601e-10	3.1972479918414094e-10	1.3249488647648823e-11	2.6254487764824483e-11	0.0	0.0	0.0	0.0	0.0	0.0	1.5549824754320013e-10	3.0473378909070974e-10	2.6982796387367933e-11	1.1459141439132128e-10	4.010317318455769e-10	4.0991930500274285e-10
2.3899999999999997	0.0	0.0	0.0	0.0	1.2643414532073145e-10	2.77402987506867e-10	7.874590900604947e-12	1.5429024718041476e-11	0.0	0.0	0.0	0.0	0.0	0.0	1.1630341957024215e-10	2.5233739112461086e-10	3.6893832618531176e-11	1.0740820674221393e-10	2.8750598841010975e-10	3.3468568469424284e-10
2.4099999999999997	0.0	0.0	0.0	0.0	1.194939204753165e-10	2.120297973576983e-10	5.752660774407808e-12	1.3834086379364215e-11	0.0	0.0	0.0	0.0	0.0	0.0	1.3460563091409283e-10	3.040083459125569e-10	6.525227854436365e-11	2.3124967647982433e-10	3.251044907081808e-10	4.02432477985351e-10
2.4299999999999997	0.0	0.0	0.0	0.0	1.1302865075558369e-10	2.5136382484528815e-10	7.0818509687045056e-12	2.082624127261661e-11	0.0	0.0	0.0	0.0	0.0	0.0	5.919120266177844e-11	1.341880469557361e-10	4.6275601188152746e-12	2.7757193558762088e-11	1.8392926450488188e-10	2.7451479919034264e-10
2.4499999999999997	0.0	0.0	0.0	0.0	9.93053964916378e-11	2.1522801504395086e-10	5.369791029598981e-12	1.3451407599624519e-11	0.0	0.0	0.0	0.0	0.0	0.0	8.207052991406462e-11	1.8346965998520316e-10	1.3559469280872024e-12	9.491628496610407e-12	1.8810166436338857e-10	3.1601430173805955e-10
2.4699999999999998	0.0	0.0	0.0	0.0	6.094935400619281e-11	1.2695971939185665e-10	4.600063682908439e-12	1.1567479399656346e-11	0.0	0.0	0.0	0.0	0.0	0.0	8.157338567627829e-11	2.1201442092257076e-10	1.0775714720982278e-11	5.790096670409914e-11	1.5789851808636187e-10	2.5679239255909105e-10
2.4899999999999998	0.0	0.0	0.0	0.0	6.152290608205736e-11	1.517745288346099e-10	2.6686134040939578e-12	9.097548247147858e-12	0.0	0.0	0.0	0.0	0.0	0.0	6.184559943945267e-11	1.6959181757878547e-10	4.046331496940578e-12	2.8324320478584044e-11	1.3008345042254458e-10	2.2403064449437115e-10
2.51	0.0	0.0	0.0	0.0	5.47594503934961e-11	1.3151578570382207e-10	3.049080929917761e-12	9.81025523041031e-12	0.0	0.0	0.0	0.0	0.0	0.0	7.046732225400631e-11	2.552194393490631e-10	1.846134140521543e-12	1.2922938983650784e-11	1.3012198771794172e-10	2.724319239863576e-10
2.53	0.0	0.0	0.0	0.0	5.049512240770086e-11	1.3304665582018609e-10	2.66052849729495e-12	1.0505522513040901e-11	0.0	0.0	0.0	0.0	0.0	0.0	7.10000212543442e-11	2.409976718858694e-10	2.5996332643970565e-12	1.8197432850779426e-11	1.2675530542373705e-10	2.687578379203825e-10
2.55	0.0	0.0	0.0	0.0	3.110267376844354e-11	8.626899779690156e-11	1.62832141372054e-12	5.403467111938579e-12	0.0	0.0	0.0	0.0	0.0	0.0	3.963641130311427e-11	1.0625093985824149e-10	0.0	0.0	7.236740648527835e-11	1.2739832454768803e-10
2.57	0.0	0.0	0.0	0.0	3.83453848481775e-11	1.0129736397486718e-10	1.9477360593196898e-12	5.560516406166581e-12	0.0	0.0	0.0	0.0	0.0	0.0	5.277344631170004e-11	1.9107141569826474e-10	1.6710358392015834e-12	1.1697250874411073e-11	9.473760305839879e-11	2.2914431262500056e-10
2.59	0.0	0.0	0.0	0.0	3.003502901324461e-11	9.804694453102829e-11	1.6888788337911127e-12	5.250535855764559e-12	0.0	0.0	0.0	0.0	0.0	0.0	2.3900164475545395e-11	8.423589848421483e-11	0.0	0.0	5.5624072322581125e-11	1.235034866981891e-10
2.61	0.0	0.0	0.0	0.0	2.2702290507132973e-11	1.0115185435255221e-10	1.4237493629860085e-12	5.841989212797232e-12	0.0	0.0	0.0	0.0	0.0	0.0	4.09912452815622e-11	2.0264510897091484e-10	0.0	0.0	6.511728515168118e-11	2.2241625926866385e-10
2.63	0.0	0.0	0.0	0.0	1.705795680116075e-11	6.250399552773878e-11	8.134420117169951e-13	3.3681592326329246e-12	0.0	0.0	0.0	0.0	0.0	0.0	1.0213380954976832e-11	5.0399114947338536e-11	2.4900691766789287e-12	1.743048423675252e-11	3.0574848944533506e-11	7.892600526406027e-11
2.65	0.0	0.0	0.0	0.0	1.3756903421690343e-11	6.089895135256229e-11	1.292384518236627e-12	5.962646934165767e-12	0.0	0.0	0.0	0.0	0.0	0.0	1.2441784682700067e-11	4.9432737634164376e-11	5.246868873421797e-12	3.6728082113952624e-11	3.2737941496048835e-11	8.269377531135084e-11
2.67	0.0	0.0	0.0	0.0	2.1744310379137582e-11	7.875782082888792e-11	8.44376250389071e-13	4.308670027999012e-12	0.0	0.0	0.0	0.0	0.0	0.0	8.55344579580263e-12	4.470511742705256e-11	0.0	0.0	3.1142132425329283e-11	8.829928386682097e-11
2.69	0.0	0.0	0.0	0.0	1.7272616420321805e-11	8.08874235614347e-11	1.6776353829995824e-12	5.9140771854682075e-12	0.0	0.0	0.0	0.0	0.0	0.0	9.684825897966845e-12	4.9035157426137546e-11	0.0	0.0	2.8635077701288233e-11	9.250504948036984e-11
2.71	0.0	0.0	0.0	0.0	2.962012388998913e-11	9.849534198829538e-11	5.14988182098445e-13	2.546096923870389e-12	0.0	0.0	0.0	0.0	0.0	0.0	4.48274997457581e-12	2.5301876106889642e-11	0.0	0.0	3.4617862046663384e-11	1.0023629863579439e-10
2.73	0.0	0.0	0.0	0.0	1.5916152317526177e-11	7.797480048343166e-11	9.268154966892507e-13	4.285095923716509e-12	0.0	0.0	0.0	0.0	0.0	0.0	1.0558732487972589e-11	5.2427552332901166e-11	0.0	0.0	2.7401700302188015e-11	9.198856638184318e-11
2.75	0.0	0.0	0.0	0.0	1.5486215367409442e-11	9.210177329473382e-11	8.855941879336719e-13	5.220881201157746e-12	0.0	0.0	0.0	0.0	0.0	0.0	3.685679756597112e-12	1.8506445758575686e-11	9.889879777727103e-13	6.922915844408981e-12	2.104647728971294e-11	9.334144209625477e-11
2.77	0.0	0.0	0.0	0.0	8.460226473017115e-12	4.472605193507317e-11	3.10505974547377e-13	2.1735418218316384e-12	0.0	0.0	0.0	0.0	0.0	0.0	2.076263925479998e-12	1.4533847478359986e-11	0.0	0.0	1.084699637304449e-11	4.6633701502033183e-11
2.79	0.0	0.0	0.0	0.0	6.620036677851375e-12	3.4137828867658364e-11	1.871364902317648e-13	1.309955431622354e-12	0.0	0.0	0.0	0.0	0.0	0.0	9.539442168852139e-12	4.816314516011591e-11	2.536708654551744e-12	1.7756960581862212e-11	1.8883323991487022e-11	5.989007741067068e-11
2.81	0.0	0.0	0.0	0.0	1.7648345184103252e-11	7.126850447217511e-11	0.0	0.0	0.0	0.0	0.0	0.0	0.0	0.0	4.334783379901028e-12	2.2208326538284617e-11	1.1335046758577478e-12	7.934532731004233e-12	2.3116633239862026e-11	7.37056771367222e-11
2.8299999999999996	0.0	0.0	0.0	0.0	2.0009711719839044e-12	1.4006798203887339e-11	8.106345014220698e-13	5.674441509954491e-12	0.0	0.0	0.0	0.0	0.0	0.0	4.5326972991191285e-12	2.2319484554351514e-11	0.0	0.0	7.344302972525104e-12	2.6416219368514093e-11
2.8499999999999996	0.0	0.0	0.0	0.0	5.33153800917422e-12	2.6219891178031717e-11	1.4941541201319985e-13	1.0459078840923997e-12	0.0	0.0	0.0	0.0	0.0	0.0	0.0	0.0	0.0	0.0	5.48095342118742e-12	2.621036796371281e-11
2.8699999999999997	0.0	0.0	0.0	0.0	2.321340689581615e-12	1.6249384827071304e-11	0.0	0.0	0.0	0.0	0.0	0.0	0.0	0.0	1.4458524434444633e-12	1.0120967104111245e-11	0.0	0.0	3.767193133026078e-12	1.8967441845556284e-11
2.8899999999999997	0.0	0.0	0.0	0.0	4.6832059274901354e-12	2.297785766384629e-11	1.9662324686301664e-13	1.376362728041116e-12	0.0	0.0	0.0	0.0	0.0	0.0	5.1012164798621425e-12	3.570851535903499e-11	0.0	0.0	9.981045654215295e-12	4.1872981766395997e-11
2.9099999999999997	0.0	0.0	0.0	0.0	0.0	0.0	1.6914529569271927e-13	1.1840170698490342e-12	0.0	0.0	0.0	0.0	0.0	0.0	1.794829675556649e-12	1.2563807728896544e-11	0.0	0.0	1.9639749712493682e-12	1.2595395471282123e-11
2.9299999999999997	0.0	0.0	0.0	0.0	4.001910985058154e-12	2.8013376895407096e-11	0.0	0.0	0.0	0.0	0.0	0.0	0.0	0.0	0.0	0.0	0.0	0.0	4.001910985058154e-12	2.8013376895407096e-11
2.9499999999999997	0.0	0.0	0.0	0.0	5.6665574628873146e-12	3.966590224021117e-11	0.0	0.0	0.0	0.0	0.0	0.0	0.0	0.0	0.0	0.0	0.0	0.0	5.6665574628873146e-12	3.966590224021117e-11
2.9699999999999998	0.0	0.0	0.0	0.0	1.8488284683767986e-12	1.2941799278637582e-11	0.0	0.0	0.0	0.0	0.0	0.0	0.0	0.0	2.7666331420105602e-12	1.9366431994073922e-11	0.0	0.0	4.6154616103873584e-12	2.307203494537547e-11
2.9899999999999998	0.0	0.0	0.0	0.0	0.0	0.0	0.0	0.0	0.0	0.0	0.0	0.0	0.0	0.0	3.086058624871177e-12	2.160241037409824e-11	0.0	0.0	3.086058624871177e-12	2.160241037409824e-11
3.01	0.0	0.0	0.0	0.0	7.774810228033672e-12	4.22427738513204e-11	0.0	0.0	0.0	0.0	0.0	0.0	0.0	0.0	2.965941703582789e-13	2.0761591925079524e-12	0.0	0.0	8.071404398391952e-12	4.223920516377979e-11
3.03	0.0	0.0	0.0	0.0	2.879133160123485e-12	2.0153932120864385e-11	0.0	0.0	0.0	0.0	0.0	0.0	0.0	0.0	1.2724409852264326e-12	8.907086896585028e-12	0.0	0.0	4.1515741453499176e-12	2.1867558685093185e-11
3.05	0.0	0.0	0.0	0.0	0.0	0.0	0.0	0.0	0.0	0.0	0.0	0.0	0.0	0.0	7.744560053382143e-13	5.4211920373675e-12	0.0	0.0	7.744560053382143e-13	5.4211920373675e-12
3.07	0.0	0.0	0.0	0.0	0.0	0.0	0.0	0.0	0.0	0.0	0.0	0.0	0.0	0.0	6.304047652194198e-13	4.412833356535939e-12	0.0	0.0	6.304047652194198e-13	4.412833356535939e-12
3.09	0.0	0.0	0.0	0.0	0.0	0.0	0.0	0.0	0.0	0.0	0.0	0.0	0.0	0.0	9.110020020609207e-13	6.3770140144264435e-12	0.0	0.0	9.110020020609207e-13	6.3770140144264435e-12
3.11	0.0	0.0	0.0	0.0	0.0	0.0	0.0	0.0	0.0	0.0	0.0	0.0	0.0	0.0	2.9474403282843877e-12	2.0632082297990714e-11	0.0	0.0	2.9474403282843877e-12	2.0632082297990714e-11
3.13	0.0	0.0	0.0	0.0	0.0	0.0	0.0	0.0	0.0	0.0	0.0	0.0	0.0	0.0	8.163037053384991e-13	5.714125937369494e-12	0.0	0.0	8.163037053384991e-13	5.714125937369494e-12
3.15	0.0	0.0	0.0	0.0	0.0	0.0	0.0	0.0	0.0	0.0	0.0	0.0	0.0	0.0	0.0	0.0	0.0	0.0	0.0	0.0
3.17	0.0	0.0	0.0	0.0	0.0	0.0	0.0	0.0	0.0	0.0	0.0	0.0	0.0	0.0	8.543146832735142e-13	5.980202782914599e-12	0.0	0.0	8.543146832735142e-13	5.980202782914599e-12
3.19	0.0	0.0	0.0	0.0	0.0	0.0	0.0	0.0	0.0	0.0	0.0	0.0	0.0	0.0	8.455436142613407e-13	5.918805299829386e-12	0.0	0.0	8.455436142613407e-13	5.918805299829386e-12
3.21	0.0	0.0	0.0	0.0	0.0	0.0	0.0	0.0	0.0	0.0	0.0	0.0	0.0	0.0	0.0	0.0	0.0	0.0	0.0	0.0
3.23	0.0	0.0	0.0	0.0	0.0	0.0	0.0	0.0	0.0	0.0	0.0	0.0	0.0	0.0	1.852111677084196e-12	1.296478173958937e-11	0.0	0.0	1.852111677084196e-12	1.296478173958937e-11
3.25	0.0	0.0	0.0	0.0	0.0	0.0	0.0	0.0	0.0	0.0	0.0	0.0	0.0	0.0	2.1620621836650253e-12	1.5134435285655178e-11	0.0	0.0	2.1620621836650253e-12	1.5134435285655178e-11
3.27	0.0	0.0	0.0	0.0	0.0	0.0	0.0	0.0	0.0	0.0	0.0	0.0	0.0	0.0	1.4536290194546676e-12	1.0175403136182673e-11	0.0	0.0	1.4536290194546676e-12	1.0175403136182673e-11
3.29	0.0	0.0	0.0	0.0	0.0	0.0	0.0	0.0	0.0	0.0	0.0	0.0	0.0	0.0	0.0	0.0	0.0	0.0	0.0	0.0
3.31	0.0	0.0	0.0	0.0	0.0	0.0	0.0	0.0	0.0	0.0	0.0	0.0	0.0	0.0	0.0	0.0	0.0	0.0	0.0	0.0
3.33	0.0	0.0	0.0	0.0	0.0	0.0	0.0	0.0	0.0	0.0	0.0	0.0	0.0	0.0	7.853440032941447e-13	5.497408023059013e-12	0.0	0.0	7.853440032941447e-13	5.497408023059013e-12
3.3499999999999996	0.0	0.0	0.0	0.0	0.0	0.0	0.0	0.0	0.0	0.0	0.0	0.0	0.0	0.0	2.837720240905421e-12	1.9864041686337946e-11	0.0	0.0	2.837720240905421e-12	1.9864041686337946e-11
3.3699999999999997	0.0	0.0	0.0	0.0	0.0	0.0	0.0	0.0	0.0	0.0	0.0	0.0	0.0	0.0	1.1778665983577764e-12	8.245066188504436e-12	0.0	0.0	1.1778665983577764e-12	8.245066188504436e-12
3.3899999999999997	0.0	0.0	0.0	0.0	0.0	0.0	0.0	0.0	0.0	0.0	0.0	0.0	0.0	0.0	0.0	0.0	0.0	0.0	0.0	0.0
3.4099999999999997	0.0	0.0	0.0	0.0	0.0	0.0	0.0	0.0	0.0	0.0	0.0	0.0	0.0	0.0	0.0	0.0	0.0	0.0	0.0	0.0
3.4299999999999997	0.0	0.0	0.0	0.0	0.0	0.0	0.0	0.0	0.0	0.0	0.0	0.0	0.0	0.0	1.3758496458862731e-12	9.630947521203912e-12	0.0	0.0	1.3758496458862731e-12	9.630947521203912e-12
3.4499999999999997	0.0	0.0	0.0	0.0	0.0	0.0	0.0	0.0	0.0	0.0	0.0	0.0	0.0	0.0	0.0	0.0	0.0	0.0	0.0	0.0
3.4699999999999998	0.0	0.0	0.0	0.0	0.0	0.0	0.0	0.0	0.0	0.0	0.0	0.0	0.0	0.0	1.3181847843913194e-12	9.227293490739235e-12	0.0	0.0	1.3181847843913194e-12	9.227293490739235e-12
3.4899999999999998	0.0	0.0	0.0	0.0	0.0	0.0	0.0	0.0	0.0	0.0	0.0	0.0	0.0	0.0	0.0	0.0	0.0	0.0	0.0	0.0
3.51	0.0	0.0	0.0	0.0	0.0	0.0	0.0	0.0	0.0	0.0	0.0	0.0	0.0	0.0	0.0	0.0	0.0	0.0	0.0	0.0
3.53	0.0	0.0	0.0	0.0	0.0	0.0	0.0	0.0	0.0	0.0	0.0	0.0	0.0	0.0	0.0	0.0	0.0	0.0	0.0	0.0
3.55	0.0	0.0	0.0	0.0	0.0	0.0	0.0	0.0	0.0	0.0	0.0	0.0	0.0	0.0	0.0	0.0	0.0	0.0	0.0	0.0
3.57	0.0	0.0	0.0	0.0	0.0	0.0	0.0	0.0	0.0	0.0	0.0	0.0	0.0	0.0	0.0	0.0	0.0	0.0	0.0	0.0
3.59	0.0	0.0	0.0	0.0	0.0	0.0	0.0	0.0	0.0	0.0	0.0	0.0	0.0	0.0	0.0	0.0	0.0	0.0	0.0	0.0
3.61	0.0	0.0	0.0	0.0	0.0	0.0	0.0	0.0	0.0	0.0	0.0	0.0	0.0	0.0	0.0	0.0	0.0	0.0	0.0	0.0
3.63	0.0	0.0	0.0	0.0	0.0	0.0	0.0	0.0	0.0	0.0	0.0	0.0	0.0	0.0	0.0	0.0	0.0	0.0	0.0	0.0
3.65	0.0	0.0	0.0	0.0	0.0	0.0	0.0	0.0	0.0	0.0	0.0	0.0	0.0	0.0	0.0	0.0	0.0	0.0	0.0	0.0
3.67	0.0	0.0	0.0	0.0	0.0	0.0	0.0	0.0	0.0	0.0	0.0	0.0	0.0	0.0	0.0	0.0	0.0	0.0	0.0	0.0
3.69	0.0	0.0	0.0	0.0	0.0	0.0	0.0	0.0	0.0	0.0	0.0	0.0	0.0	0.0	0.0	0.0	0.0	0.0	0.0	0.0
3.71	0.0	0.0	0.0	0.0	0.0	0.0	0.0	0.0	0.0	0.0	0.0	0.0	0.0	0.0	0.0	0.0	0.0	0.0	0.0	0.0
3.73	0.0	0.0	0.0	0.0	0.0	0.0	0.0	0.0	0.0	0.0	0.0	0.0	0.0	0.0	0.0	0.0	0.0	0.0	0.0	0.0
3.75	0.0	0.0	0.0	0.0	0.0	0.0	0.0	0.0	0.0	0.0	0.0	0.0	0.0	0.0	0.0	0.0	0.0	0.0	0.0	0.0
3.77	0.0	0.0	0.0	0.0	0.0	0.0	0.0	0.0	0.0	0.0	0.0	0.0	0.0	0.0	0.0	0.0	0.0	0.0	0.0	0.0
3.79	0.0	0.0	0.0	0.0	0.0	0.0	0.0	0.0	0.0	0.0	0.0	0.0	0.0	0.0	0.0	0.0	0.0	0.0	0.0	0.0
3.81	0.0	0.0	0.0	0.0	0.0	0.0	0.0	0.0	0.0	0.0	0.0	0.0	0.0	0.0	0.0	0.0	0.0	0.0	0.0	0.0
3.83	0.0	0.0	0.0	0.0	0.0	0.0	0.0	0.0	0.0	0.0	0.0	0.0	0.0	0.0	0.0	0.0	0.0	0.0	0.0	0.0
3.8499999999999996	0.0	0.0	0.0	0.0	0.0	0.0	0.0	0.0	0.0	0.0	0.0	0.0	0.0	0.0	0.0	0.0	0.0	0.0	0.0	0.0
3.8699999999999997	0.0	0.0	0.0	0.0	0.0	0.0	0.0	0.0	0.0	0.0	0.0	0.0	0.0	0.0	0.0	0.0	0.0	0.0	0.0	0.0
3.8899999999999997	0.0	0.0	0.0	0.0	0.0	0.0	0.0	0.0	0.0	0.0	0.0	0.0	0.0	0.0	0.0	0.0	0.0	0.0	0.0	0.0
3.9099999999999997	0.0	0.0	0.0	0.0	0.0	0.0	0.0	0.0	0.0	0.0	0.0	0.0	0.0	0.0	0.0	0.0	0.0	0.0	0.0	0.0
3.9299999999999997	0.0	0.0	0.0	0.0	0.0	0.0	0.0	0.0	0.0	0.0	0.0	0.0	0.0	0.0	0.0	0.0	0.0	0.0	0.0	0.0
3.9499999999999997	0.0	0.0	0.0	0.0	0.0	0.0	0.0	0.0	0.0	0.0	0.0	0.0	0.0	0.0	0.0	0.0	0.0	0.0	0.0	0.0
3.9699999999999998	0.0	0.0	0.0	0.0	0.0	0.0	0.0	0.0	0.0	0.0	0.0	0.0	0.0	0.0	0.0	0.0	0.0	0.0	0.0	0.0
3.9899999999999998	0.0	0.0	0.0	0.0	0.0	0.0	0.0	0.0	0.0	0.0	0.0	0.0	0.0	0.0	0.0	0.0	0.0	0.0	0.0	0.0
4.01	0.0	0.0	0.0	0.0	0.0	0.0	0.0	0.0	0.0	0.0	0.0	0.0	0.0	0.0	0.0	0.0	0.0	0.0	0.0	0.0
4.03	0.0	0.0	0.0	0.0	0.0	0.0	0.0	0.0	0.0	0.0	0.0	0.0	0.0	0.0	0.0	0.0	0.0	0.0	0.0	0.0
4.05	0.0	0.0	0.0	0.0	0.0	0.0	0.0	0.0	0.0	0.0	0.0	0.0	0.0	0.0	0.0	0.0	0.0	0.0	0.0	0.0
4.07	0.0	0.0	0.0	0.0	0.0	0.0	0.0	0.0	0.0	0.0	0.0	0.0	0.0	0.0	0.0	0.0	0.0	0.0	0.0	0.0
4.09	0.0	0.0	0.0	0.0	0.0	0.0	0.0	0.0	0.0	0.0	0.0	0.0	0.0	0.0	0.0	0.0	0.0	0.0	0.0	0.0
4.109999999999999	0.0	0.0	0.0	0.0	0.0	0.0	0.0	0.0	0.0	0.0	0.0	0.0	0.0	0.0	0.0	0.0	0.0	0.0	0.0	0.0
4.13	0.0	0.0	0.0	0.0	0.0	0.0	0.0	0.0	0.0	0.0	0.0	0.0	0.0	0.0	0.0	0.0	0.0	0.0	0.0	0.0
4.1499999999999995	0.0	0.0	0.0	0.0	0.0	0.0	0.0	0.0	0.0	0.0	0.0	0.0	0.0	0.0	0.0	0.0	0.0	0.0	0.0	0.0
4.17	0.0	0.0	0.0	0.0	0.0	0.0	0.0	0.0	0.0	0.0	0.0	0.0	0.0	0.0	0.0	0.0	0.0	0.0	0.0	0.0
4.1899999999999995	0.0	0.0	0.0	0.0	0.0	0.0	0.0	0.0	0.0	0.0	0.0	0.0	0.0	0.0	0.0	0.0	0.0	0.0	0.0	0.0
4.21	0.0	0.0	0.0	0.0	0.0	0.0	0.0	0.0	0.0	0.0	0.0	0.0	0.0	0.0	0.0	0.0	0.0	0.0	0.0	0.0
4.2299999999999995	0.0	0.0	0.0	0.0	0.0	0.0	0.0	0.0	0.0	0.0	0.0	0.0	0.0	0.0	0.0	0.0	0.0	0.0	0.0	0.0
4.25	0.0	0.0	0.0	0.0	0.0	0.0	0.0	0.0	0.0	0.0	0.0	0.0	0.0	0.0	0.0	0.0	0.0	0.0	0.0	0.0
4.27	0.0	0.0	0.0	0.0	0.0	0.0	0.0	0.0	0.0	0.0	0.0	0.0	0.0	0.0	0.0	0.0	0.0	0.0	0.0	0.0
4.29	0.0	0.0	0.0	0.0	0.0	0.0	0.0	0.0	0.0	0.0	0.0	0.0	0.0	0.0	0.0	0.0	0.0	0.0	0.0	0.0
4.31	0.0	0.0	0.0	0.0	0.0	0.0	0.0	0.0	0.0	0.0	0.0	0.0	0.0	0.0	0.0	0.0	0.0	0.0	0.0	0.0
4.33	0.0	0.0	0.0	0.0	0.0	0.0	0.0	0.0	0.0	0.0	0.0	0.0	0.0	0.0	0.0	0.0	0.0	0.0	0.0	0.0
4.35	0.0	0.0	0.0	0.0	0.0	0.0	0.0	0.0	0.0	0.0	0.0	0.0	0.0	0.0	0.0	0.0	0.0	0.0	0.0	0.0
4.37	0.0	0.0	0.0	0.0	0.0	0.0	0.0	0.0	0.0	0.0	0.0	0.0	0.0	0.0	0.0	0.0	0.0	0.0	0.0	0.0
4.39	0.0	0.0	0.0	0.0	0.0	0.0	0.0	0.0	0.0	0.0	0.0	0.0	0.0	0.0	0.0	0.0	0.0	0.0	0.0	0.0
4.41	0.0	0.0	0.0	0.0	0.0	0.0	0.0	0.0	0.0	0.0	0.0	0.0	0.0	0.0	0.0	0.0	0.0	0.0	0.0	0.0
4.43	0.0	0.0	0.0	0.0	0.0	0.0	0.0	0.0	0.0	0.0	0.0	0.0	0.0	0.0	0.0	0.0	0.0	0.0	0.0	0.0
4.45	0.0	0.0	0.0	0.0	0.0	0.0	0.0	0.0	0.0	0.0	0.0	0.0	0.0	0.0	0.0	0.0	0.0	0.0	0.0	0.0
4.47	0.0	0.0	0.0	0.0	0.0	0.0	0.0	0.0	0.0	0.0	0.0	0.0	0.0	0.0	0.0	0.0	0.0	0.0	0.0	0.0
4.49	0.0	0.0	0.0	0.0	0.0	0.0	0.0	0.0	0.0	0.0	0.0	0.0	0.0	0.0	0.0	0.0	0.0	0.0	0.0	0.0
4.51	0.0	0.0	0.0	0.0	0.0	0.0	0.0	0.0	0.0	0.0	0.0	0.0	0.0	0.0	0.0	0.0	0.0	0.0	0.0	0.0
4.53	0.0	0.0	0.0	0.0	0.0	0.0	0.0	0.0	0.0	0.0	0.0	0.0	0.0	0.0	0.0	0.0	0.0	0.0	0.0	0.0
4.55	0.0	0.0	0.0	0.0	0.0	0.0	0.0	0.0	0.0	0.0	0.0	0.0	0.0	0.0	0.0	0.0	0.0	0.0	0.0	0.0
4.57	0.0	0.0	0.0	0.0	0.0	0.0	0.0	0.0	0.0	0.0	0.0	0.0	0.0	0.0	0.0	0.0	0.0	0.0	0.0	0.0
4.59	0.0	0.0	0.0	0.0	0.0	0.0	0.0	0.0	0.0	0.0	0.0	0.0	0.0	0.0	0.0	0.0	0.0	0.0	0.0	0.0
4.61	0.0	0.0	0.0	0.0	0.0	0.0	0.0	0.0	0.0	0.0	0.0	0.0	0.0	0.0	0.0	0.0	0.0	0.0	0.0	0.0
4.63	0.0	0.0	0.0	0.0	0.0	0.0	0.0	0.0	0.0	0.0	0.0	0.0	0.0	0.0	0.0	0.0	0.0	0.0	0.0	0.0
4.6499999999999995	0.0	0.0	0.0	0.0	0.0	0.0	0.0	0.0	0.0	0.0	0.0	0.0	0.0	0.0	0.0	0.0	0.0	0.0	0.0	0.0
4.67	0.0	0.0	0.0	0.0	0.0	0.0	0.0	0.0	0.0	0.0	0.0	0.0	0.0	0.0	0.0	0.0	0.0	0.0	0.0	0.0
4.6899999999999995	0.0	0.0	0.0	0.0	0.0	0.0	0.0	0.0	0.0	0.0	0.0	0.0	0.0	0.0	0.0	0.0	0.0	0.0	0.0	0.0
4.71	0.0	0.0	0.0	0.0	0.0	0.0	0.0	0.0	0.0	0.0	0.0	0.0	0.0	0.0	0.0	0.0	0.0	0.0	0.0	0.0
4.7299999999999995	0.0	0.0	0.0	0.0	0.0	0.0	0.0	0.0	0.0	0.0	0.0	0.0	0.0	0.0	0.0	0.0	0.0	0.0	0.0	0.0
4.75	0.0	0.0	0.0	0.0	0.0	0.0	0.0	0.0	0.0	0.0	0.0	0.0	0.0	0.0	0.0	0.0	0.0	0.0	0.0	0.0
4.77	0.0	0.0	0.0	0.0	0.0	0.0	0.0	0.0	0.0	0.0	0.0	0.0	0.0	0.0	0.0	0.0	0.0	0.0	0.0	0.0
4.79	0.0	0.0	0.0	0.0	0.0	0.0	0.0	0.0	0.0	0.0	0.0	0.0	0.0	0.0	0.0	0.0	0.0	0.0	0.0	0.0
4.81	0.0	0.0	0.0	0.0	0.0	0.0	0.0	0.0	0.0	0.0	0.0	0.0	0.0	0.0	0.0	0.0	0.0	0.0	0.0	0.0
4.83	0.0	0.0	0.0	0.0	0.0	0.0	0.0	0.0	0.0	0.0	0.0	0.0	0.0	0.0	0.0	0.0	0.0	0.0	0.0	0.0
4.85	0.0	0.0	0.0	0.0	0.0	0.0	0.0	0.0	0.0	0.0	0.0	0.0	0.0	0.0	0.0	0.0	0.0	0.0	0.0	0.0
4.87	0.0	0.0	0.0	0.0	0.0	0.0	0.0	0.0	0.0	0.0	0.0	0.0	0.0	0.0	0.0	0.0	0.0	0.0	0.0	0.0
4.89	0.0	0.0	0.0	0.0	0.0	0.0	0.0	0.0	0.0	0.0	0.0	0.0	0.0	0.0	0.0	0.0	0.0	0.0	0.0	0.0
4.91	0.0	0.0	0.0	0.0	0.0	0.0	0.0	0.0	0.0	0.0	0.0	0.0	0.0	0.0	0.0	0.0	0.0	0.0	0.0	0.0
4.93	0.0	0.0	0.0	0.0	0.0	0.0	0.0	0.0	0.0	0.0	0.0	0.0	0.0	0.0	0.0	0.0	0.0	0.0	0.0	0.0
4.95	0.0	0.0	0.0	0.0	0.0	0.0	0.0	0.0	0.0	0.0	0.0	0.0	0.0	0.0	0.0	0.0	0.0	0.0	0.0	0.0
4.97	0.0	0.0	0.0	0.0	0.0	0.0	0.0	0.0	0.0	0.0	0.0	0.0	0.0	0.0	0.0	0.0	0.0	0.0	0.0	0.0
4.99	0.0	0.0	0.0	0.0	0.0	0.0	0.0	0.0	0.0	0.0	0.0	0.0	0.0	0.0	0.0	0.0	0.0	0.0	0.0	0.0
# SMASH-1.8-3-gcb63f17f