# E_photon	π+＋π-→π+＋π-＋γ	π+＋π-→π+＋π-＋γ_error	π+＋π+→π+＋π+＋γ	π+＋π+→π+＋π+＋γ_error	π-＋π-→π-＋π-＋γ	π-＋π-→π-＋π-＋γ_error	π+＋π0→π+＋π0＋γ	π+＋π0→π+＋π0＋γ_error	π-＋π0→π-＋π0＋γ	π-＋π0→π-＋π0＋γ_error	π+＋π-→π0＋π0＋γ	π+＋π-→π0＋π0＋γ_error	π0＋π0→π+＋π-＋γ	π0＋π0→π+＋π-＋γ_error	total	total_error	
0.01	0.001240163945649607	0.0005974785521399514	0.004887712672545031	0.0006279735624405785	0.004750422047303429	0.0005327625621048559	0.006237197133981053	0.0005291274842195215	0.006197576148886461	0.000561596399983681	0.0002873874401386685	0.0001652014772142962	0.004697061918146368	0.000529880825864726	0.028297521306650614	0.0020256351847765435
0.03	0.0001706724631851402	8.119745512009907e-05	0.0007330347144066076	9.086708154553589e-05	0.0007188500580672372	8.207666432871829e-05	0.000937557965175574	8.319590719968367e-05	0.000940656064323385	8.64046146274943e-05	3.918242159706752e-05	1.987042654644072e-05	0.0006833609639385972	5.858134380021518e-05	0.004223314650693607	0.00026788718070352193
0.05	7.58595131467011e-05	3.461296500502049e-05	0.0003267209946656052	3.9592799044599885e-05	0.0003180607760601412	3.858383498662261e-05	0.0004191006670339135	3.827080876807459e-05	0.0004204480853768617	3.764258881978565e-05	1.9962723863910984e-05	9.153027297093712e-06	0.0002981445333419762	3.0122854956767384e-05	0.00187829729348911	0.00012592003170937982
0.06999999999999999	4.5932065284381674e-05	1.920817461774006e-05	0.00018777567065948774	2.305526551361668e-05	0.00018379289770344094	2.1919322584993692e-05	0.0002472646613857264	2.1775462411341728e-05	0.00024392528201907016	2.2677299691647e-05	1.2986059048065046e-05	5.959770185059736e-06	0.00017060690103159844	1.7973491867488568e-05	0.0010922835371317708	7.55215712192744e-05
0.09	2.8880284125549346e-05	1.124506751453098e-05	0.00012305527804371076	1.5101870222763504e-05	0.00012032076000006429	1.5217621979903444e-05	0.0001615788470431898	1.3864511272357684e-05	0.0001620381365591332	1.6049583954436437e-05	1.0062240975189733e-05	4.888199387909852e-06	0.00011059233981854556	1.0925462526853614e-05	0.0007165278865653827	4.876432123144871e-05
0.11	2.245837825999759e-05	9.37884175768022e-06	8.512638819852995e-05	1.0597260532009315e-05	8.392993032047368e-05	1.0223364783671479e-05	0.00011332771988312797	1.0131612216925132e-05	0.00011272038423936074	1.0593609926842048e-05	7.582040120167261e-06	3.880590938562991e-06	7.57922255544985e-05	7.105763569086982e-06	0.0005009370665761556	3.370546719438355e-05
0.13	1.6360246307339554e-05	6.629202880851775e-06	6.214367219602087e-05	7.916701857763084e-06	6.085320436037343e-05	6.947895768730759e-06	8.32772123158564e-05	7.165166548397052e-06	8.295453299065613e-05	7.840613990927995e-06	6.611492628645582e-06	3.129976624336752e-06	5.473138024084928e-05	5.510216222033491e-06	0.00036693174103974137	2.3846584217125606e-05
0.15000000000000002	1.3025290543302241e-05	5.400468412575286e-06	4.645806974918534e-05	5.773767901417509e-06	4.5530305400935274e-05	5.553918409022539e-06	6.186718401792669e-05	5.467485466281264e-06	6.218216368609146e-05	6.170419327429448e-06	5.765971991381248e-06	2.817529148777511e-06	4.05313679962083e-05	4.278690300272102e-06	0.00027536035338503054	1.8786016064565896e-05
0.17	1.1828885574850792e-05	4.936955809637507e-06	3.5487493841211205e-05	4.420234154694745e-06	3.4489790069612246e-05	4.5080245936697596e-06	4.7491489023582374e-05	4.136102641618706e-06	4.722935716213364e-05	4.302254888178018e-06	4.590453361747198e-06	2.2875223628126673e-06	3.072778834023896e-05	3.193491194894639e-06	0.00021184525737337644	1.4639203664525472e-05
0.19	9.097036834085386e-06	3.720727193290405e-06	2.729585306410047e-05	3.5097766341843216e-06	2.670658445358558e-05	3.065194465621674e-06	3.671500082544296e-05	3.112897944048369e-06	3.65550134951693e-05	3.568654471057202e-06	4.004880594017643e-06	1.8082024823482055e-06	2.3670271034735246e-05	2.640204550223902e-06	0.0001640446403011366	1.0779039943028219e-05
0.21000000000000002	8.016061908938677e-06	3.489528482263937e-06	2.1420987447476865e-05	2.787631784381349e-06	2.0766979642877504e-05	2.4432512099090797e-06	2.8281014294543674e-05	2.4235706635234557e-06	2.808211897248737e-05	2.7099940498335785e-06	3.506323235292644e-06	1.8187887973422e-06	1.8220481567867392e-05	1.8967134683616942e-06	0.00012829396706948414	9.396435508360087e-06
0.23	6.878806563308589e-06	2.6551450114204203e-06	1.6636607377677512e-05	2.1933998270148717e-06	1.6218693119744826e-05	2.0727226279319638e-06	2.2109288975568953e-05	1.979747990065818e-06	2.2067144259667296e-05	2.364418983914976e-06	3.0682948544046735e-06	1.3905254095269905e-06	1.4372996219936511e-05	1.704247571756063e-06	0.00010135183137030836	7.898058815548633e-06
0.25	6.193861117322896e-06	2.59929486390305e-06	1.3331786430863283e-05	1.7115500309790145e-06	1.2777309456974146e-05	1.5956267850618255e-06	1.7475442883094125e-05	1.5791078342992285e-06	1.725876044376692e-05	1.725495488323812e-06	2.5062260349793785e-06	1.1145151189977316e-06	1.1034508974770924e-05	1.2445334060726055e-06	8.057789534177167e-05	6.332476091875127e-06
0.27	5.2797631900776716e-06	1.9163053193297983e-06	1.0435036174657522e-05	1.4831241283116568e-06	1.0186808933191096e-05	1.3319508953935037e-06	1.3746975166384083e-05	1.141419161286576e-06	1.35403065144071e-05	1.3560284151054082e-06	2.2846399340378775e-06	1.0453814242055467e-06	8.718799721068585e-06	9.009490572679342e-07	6.419232963382394e-05	4.9933033157658435e-06
0.29000000000000004	4.841645075560432e-06	1.997322069216182e-06	8.381081027110197e-06	1.1169266094996788e-06	8.060710068373505e-06	1.1135172235999824e-06	1.0916688154164945e-05	1.02653158121938e-06	1.0817540115114422e-05	1.1433254249152462e-06	2.028096922636411e-06	9.642300808317102e-07	6.873407046599979e-06	8.486492986875968e-07	5.191916840955987e-05	4.160202018813147e-06
0.31	4.452019028563631e-06	1.9708623225190334e-06	6.628186454211125e-06	8.129782320768397e-07	6.459519495246816e-06	9.049461971030956e-07	8.664252375271958e-06	8.798342052242266e-07	8.535195587746905e-06	9.197347067134771e-07	1.6478715166085133e-06	8.618886082215884e-07	5.488164755453308e-06	6.591072550412122e-07	4.1875209213102254e-05	3.8127046402361454e-06
0.33	3.849759158429568e-06	1.5679858925162496e-06	5.281316909879105e-06	7.613437659627533e-07	5.194427471544753e-06	7.258322733488941e-07	6.901553033238886e-06	6.105187327029382e-07	6.889615316020701e-06	7.161282625540283e-07	1.5308703063459497e-06	6.61599501337282e-07	4.391277755255676e-06	5.561090811876515e-07	3.403881995071464e-05	3.3191984025183704e-06
0.35000000000000003	3.5864370349524237e-06	1.4471388942328772e-06	4.298456720467107e-06	5.949551831063909e-07	4.047388866585453e-06	5.922174820707724e-07	5.60342929584853e-06	5.29166103726536e-07	5.4701793925505675e-06	6.1135478561829e-07	1.2961112776112496e-06	5.310986954230077e-07	3.4258961567907473e-06	4.2658429535783337e-07	2.7727898744806076e-05	2.5369081841458344e-06
0.37	3.1045362230139717e-06	1.1876970162240894e-06	3.3982932854006926e-06	4.896019515698083e-07	3.266063420927945e-06	4.5783843782001924e-07	4.4827199294675e-06	5.028431327619228e-07	4.34970896414954e-06	4.7927267478798e-07	1.1165438949007374e-06	5.444211879106372e-07	2.761074008444513e-06	3.750141432401461e-07	2.2478939726304897e-05	2.2111685064824196e-06
0.39	2.8432283442342644e-06	1.127936059786406e-06	2.7398404509981267e-06	4.30822506201776e-07	2.6174211380387856e-06	3.960602581715902e-07	3.5900279110057874e-06	3.3423960451029336e-07	3.5228778554990405e-06	3.634824810203272e-07	1.0655376740148943e-06	5.280356894443182e-07	2.217053807965921e-06	3.538994346813051e-07	1.859598718175682e-05	1.9935579832713995e-06
0.41000000000000003	2.713741297073713e-06	1.1198924912573888e-06	2.1758910477105645e-06	3.156014075778881e-07	2.123923825748351e-06	2.900872287228638e-07	2.89893676140654e-06	3.261858247901877e-07	2.8256772863790806e-06	3.1871772864539787e-07	8.715008360219607e-07	4.2166049332251427e-07	1.7437234915175696e-06	2.6868709131291646e-07	1.5353394545857777e-05	1.6738079108764187e-06
0.43	2.394637293976272e-06	9.971674554629102e-07	1.7745900763734112e-06	3.076078336734112e-07	1.6979862569631419e-06	2.4017225503011513e-07	2.3035756017679194e-06	2.3691420144734554e-07	2.274532769621497e-06	2.7378537129117484e-07	7.762312928672694e-07	3.935769229048665e-07	1.4164806642843274e-06	2.5848602841306067e-07	1.2638033955853837e-05	1.4908021242753923e-06
0.45	2.2176281412424014e-06	9.086969783232429e-07	1.413694475737553e-06	2.306488540511868e-07	1.3566318210551353e-06	2.2738401613797007e-07	1.8921352795215902e-06	2.3311142507642946e-07	1.8415056611066547e-06	2.266091142211039e-07	7.512009454618837e-07	3.874168884505419e-07	1.109013163908352e-06	1.8350659707652612e-07	1.058180948803357e-05	1.41804599756194e-06
0.47000000000000003	2.040392650192274e-06	8.24817020830807e-07	1.1698904493017606e-06	1.9915156203659376e-07	1.068738072121721e-06	1.9959188460210157e-07	1.5024683764254575e-06	1.7295819391739197e-07	1.4956071624900084e-06	1.8511617403001726e-07	5.5395090030269e-07	2.779729208804108e-07	8.869878185134988e-07	1.6290243384697696e-07	8.71803542934741e-06	1.1139018679570595e-06
0.49	1.7757519828652974e-06	7.253698635685643e-07	9.306143618252603e-07	1.6161244895417225e-07	8.750960245483868e-07	1.5436824609426536e-07	1.2487194418032472e-06	1.307391115375759e-07	1.2162347987779406e-06	1.7436217609710403e-07	5.444621430813839e-07	3.3309331191695305e-07	7.236809510786575e-07	1.3887866969263133e-07	7.314559703980173e-06	1.0608992608500907e-06
0.51	1.590056699134327e-06	6.646315187884661e-07	7.464492854740769e-07	1.4027698524564525e-07	7.223898399746124e-07	1.3140288845491042e-07	9.886088526628336e-07	1.2654074629948155e-07	9.856332252874121e-07	1.2790737233987828e-07	4.7412360416869446e-07	2.2581364650188515e-07	5.837547033912764e-07	1.2678430810983763e-07	6.091016210093232e-06	8.613609320754958e-07
0.53	1.3981262153643713e-06	5.630854764957795e-07	6.062883943166848e-07	1.3097593781549892e-07	5.62342411472304e-07	1.1862921178148602e-07	8.136275306051324e-07	1.1034602730968041e-07	7.94034314584113e-07	1.0612707694387849e-07	4.1633708495226884e-07	2.510746189397913e-07	4.875100983464977e-07	1.1485116365504918e-07	5.0782660496413735e-06	7.864527292175847e-07
0.55	1.2305708145538083e-06	5.21236080402651e-07	4.779532384841366e-07	1.0733188948855785e-07	4.543688349889706e-07	1.0094074656087876e-07	6.812431988032721e-07	9.078023934238033e-08	6.427736790808144e-07	1.0032857049869728e-07	3.3429893054291223e-07	1.9237314734504065e-07	3.7995547579909175e-07	8.848609915187787e-08	4.201164172253005e-06	6.644059548007215e-07
0.5700000000000001	1.107612138401389e-06	5.302019074064343e-07	3.8920285271393245e-07	8.401531389363633e-08	3.7946041314204314e-07	6.835617605655784e-08	5.584895396345449e-07	9.101398143020891e-08	5.256016728223412e-07	9.364195644404795e-08	3.1065256000823095e-07	1.7359400953470296e-07	3.062767287638251e-07	7.566219436525275e-08	3.577295905486306e-06	6.281940182994551e-07
0.59	9.753274035611902e-07	4.285357034935248e-07	3.18262061416313e-07	9.053435343306204e-08	2.941909830317936e-07	7.408275786028729e-08	4.5556573676100006e-07	8.242728312513035e-08	4.3812904973881253e-07	7.228312247240183e-08	3.0059310190531447e-07	2.1607760116065716e-07	2.487004123300241e-07	6.835400386234393e-08	3.030768748744448e-06	5.887559732540831e-07
0.61	8.257833753334121e-07	3.869353126334444e-07	2.569802731851537e-07	6.307307940409278e-08	2.3247480639831174e-07	4.894535992424971e-08	3.769461345611279e-07	6.89697957114802e-08	3.5038884398506744e-07	6.040625380965064e-08	2.233276064073935e-07	1.2256865095554707e-07	1.9661920097246466e-07	5.2147784983534466e-08	2.4625202408429306e-06	4.883954591233904e-07
0.63	7.740308495690166e-07	3.701585873583759e-07	2.043803990740003e-07	5.0904355483192785e-08	1.8898540368459442e-07	4.800661078471713e-08	3.0441420323999737e-07	6.173104912308845e-08	2.831540586796013e-07	5.3904300379789556e-08	2.0028906138387577e-07	1.48870436311389e-07	1.7153043413450728e-07	4.9640494172852556e-08	2.1267844097655935e-06	4.535765650179415e-07
0.65	6.527006886431268e-07	3.7082148975042607e-07	1.6130844888020365e-07	4.4860642624802226e-08	1.554152299469229e-07	4.162851029532253e-08	2.490034371356692e-07	5.072980948266346e-08	2.2761174909262824e-07	5.2848544075043816e-08	1.7747742320517596e-07	1.5117579972839218e-07	1.36055566107438e-07	4.678337369860551e-08	1.7595725430111646e-06	4.5264534054273536e-07
0.67	5.63562993242291e-07	3.219038107598751e-07	1.3293366608228316e-07	4.2410776038184937e-08	1.2731449944665602e-07	4.489651962123007e-08	2.0523340102100646e-07	4.144885505076944e-08	1.9193514030155983e-07	4.210515210387606e-08	1.7119525930396683e-07	1.4561081119168435e-07	1.0956823750172377e-07	4.0028788950711526e-08	1.5017431968994865e-06	4.090530027086925e-07
0.6900000000000001	4.83250431473629e-07	2.9879058688244215e-07	1.0601865965418746e-07	3.513087349522979e-08	1.0726231279572893e-07	3.1834546166212337e-08	1.7522262645953978e-07	4.33693864853727e-08	1.6349168081125205e-07	3.9016064980706146e-08	1.2163632566090845e-07	1.0971228504479651e-07	9.097600144598725e-08	3.216865552921736e-08	1.2478580383012335e-06	3.550439566087899e-07
0.7100000000000001	4.167957746942468e-07	2.1811761877582735e-07	8.397079088179115e-08	3.157451079247109e-08	8.015250554540321e-08	2.935749717169429e-08	1.367047292965167e-07	3.309074074261625e-08	1.3306115461995202e-07	3.139417768273612e-08	9.734804319030812e-08	8.911849347881935e-08	7.295338017216616e-08	2.71168296303605e-08	1.020986378400384e-06	2.6383521134787723e-07
0.73	3.588063368203942e-07	2.2948272101384948e-07	7.009470010252814e-08	2.7289983616592455e-08	6.693146242836804e-08	2.4004846768654513e-08	1.1648711348129933e-07	3.412216503462235e-08	1.109960740462498e-07	2.3965686064681825e-08	8.635048253818323e-08	7.966588382314985e-08	6.210414798063282e-08	2.8248411074200915e-08	8.717703173976557e-07	2.751251376653566e-07
0.75	2.798361892022241e-07	1.5527107383011888e-07	5.4734291945108016e-08	2.377757984266881e-08	5.2144387924912863e-08	2.1454939278955875e-08	9.295890757864046e-08	3.2366278260841774e-08	8.613375712640916e-08	2.306301989539852e-08	8.931839352020759e-08	8.626842425606342e-08	5.120076817564709e-08	2.2313504042958028e-08	7.063266954731491e-07	2.1124472203807745e-07
0.77	2.3599920013077398e-07	1.5526113738981126e-07	4.4848279992962436e-08	1.7250314168814262e-08	4.3799357596149e-08	1.8888018373851275e-08	7.719687655387613e-08	2.1573910135269696e-08	7.849167873394348e-08	2.3278821209524037e-08	7.759448422182313e-08	8.945468402518145e-08	4.315296050377213e-08	2.1083120068799976e-08	6.010828377333001e-07	2.104274711600696e-07
0.79	2.137181513697892e-07	1.417585978168671e-07	3.8239357661968034e-08	1.8650190173546383e-08	3.254438504242415e-08	1.6070748099687378e-08	6.81007676073818e-08	2.185718744889934e-08	6.420179501384039e-08	2.1714927616340873e-08	5.695652275152843e-08	5.409975970301496e-08	3.2619915890663727e-08	1.8391094445266016e-08	5.063808953375957e-07	1.9298065537177334e-07
0.81	2.069200437612814e-07	1.6057131104695533e-07	3.0100052610604474e-08	1.7422830203649586e-08	2.8230854767058938e-08	1.3611613789962563e-08	5.4105339622308614e-08	2.088869131833129e-08	5.1836623926411275e-08	1.8481325387695304e-08	5.17603074050716e-08	4.862474750811526e-08	2.8661203102425225e-08	1.59788485361126e-08	4.516144251951614e-07	1.8965849803568682e-07
0.8300000000000001	1.8139587679008477e-07	1.3681313794036742e-07	2.159018058733357e-08	1.1789330176006907e-08	2.256250084296241e-08	1.0942340057857299e-08	4.496440611415012e-08	1.730630109395582e-08	4.3914598803524475e-08	1.6232308075830732e-08	4.410920144866286e-08	4.556429708841094e-08	2.2073097696145945e-08	1.154324278926356e-08	3.8060986228286426e-07	1.5970802578339714e-07
0.85	1.7687488960169345e-07	1.3996438948539766e-07	1.7647523975204805e-08	9.975875072100001e-09	1.6753136442798336e-08	1.1200579249190256e-08	3.6014019999524716e-08	1.4543555616849012e-08	3.4381274835805866e-08	1.347371902171698e-08	3.279956775564749e-08	3.828712414817708e-08	1.8554648370858685e-08	1.1165371366862667e-08	3.3302506098153314e-07	1.65718284261588e-07
0.87	1.1622978721222488e-07	9.309922434564844e-08	1.504936800048345e-08	8.938650018102422e-09	1.3226345948544856e-08	8.788592522351129e-09	3.1353619953904125e-08	1.1557676319293641e-08	2.8979823914489462e-08	1.2696665739930904e-08	3.3430086299062965e-08	4.2252030933259336e-08	1.510715069178776e-08	8.946245375677762e-09	2.533761820204975e-07	1.1554043506579057e-07
0.89	1.0274861777342682e-07	7.79688947953497e-08	1.1277050177845822e-08	7.365077725491736e-09	1.093278839731556e-08	8.243082781313824e-09	2.386973166457049e-08	9.538629141678545e-09	2.486071526110299e-08	1.0529306211098899e-08	2.401456190147135e-08	2.5411188951125106e-08	1.3297921918199301e-08	9.176031515984133e-09	2.1100138709393233e-07	8.80171139381498e-08
0.91	1.0369821736836838e-07	8.949606353365578e-08	9.42397178466936e-09	7.018407150300001e-09	8.978738032158588e-09	6.230038399357578e-09	2.1993498975714765e-08	1.0512269201596205e-08	2.0672190526494603e-08	1.0388792248941174e-08	1.9242530786555392e-08	2.6164736814096324e-08	1.0739445355795791e-08	1.134435261794201e-08	1.9474859282975686e-07	1.1008324893685839e-07
0.93	7.364382604715275e-08	6.245513569653706e-08	8.32752365582417e-09	6.6079166339984204e-09	8.435124561125366e-09	7.540606001029821e-09	1.7654069985142886e-08	1.0036154117991073e-08	1.7242468053266282e-08	1.0334572115022586e-08	1.074480055290132e-08	1.5409170033728373e-08	9.807127471601747e-09	1.0563962475138679e-08	1.4585494032701454e-07	7.600401560369908e-08
0.9500000000000001	6.739765592053796e-08	6.274059080322312e-08	6.723335437982929e-09	6.85451906927523e-09	6.215340083439819e-09	4.4753381557733135e-09	1.4485159445088086e-08	8.301298965679221e-09	1.3464682677890653e-08	6.7400253073598834e-09	1.2130627667606247e-08	1.640165395201017e-08	8.535240261641799e-09	6.635972236379899e-09	1.2895204149418744e-07	6.776302181324199e-08
0.97	5.531217286404161e-08	6.046383613824163e-08	4.923136260586257e-09	4.722739059599605e-09	4.607173727226139e-09	4.800372710829981e-09	1.3304957677768598e-08	8.039922834779975e-09	1.1254237984870227e-08	7.3829071736575665e-09	1.2332326616681876e-08	1.5268773642983064e-08	7.1853700190565026e-09	6.4407374466688116e-09	1.0891937515023117e-07	7.481837548949998e-08
0.99	4.86953744585843e-08	5.475234759856417e-08	5.526414030473192e-09	5.053334643896489e-09	3.71500358604588e-09	4.002635333601786e-09	1.0153128854433179e-08	6.251980541610149e-09	1.0966461688713781e-08	8.582529289860956e-09	1.1630473561666718e-08	1.4845672025798646e-08	6.0618453551607876e-09	7.41022692440112e-09	9.674870153507782e-08	6.613290502914098e-08
1.01	4.559656714064334e-08	4.9881726054218104e-08	3.3592481807182816e-09	3.691033402519317e-09	3.1587915699081993e-09	3.6392103451590855e-09	8.913685638522263e-09	6.696100740035765e-09	8.992245874849444e-09	6.095885051538434e-09	9.483007378759887e-09	1.6108094711358768e-08	4.618490042402108e-09	6.057689118894634e-09	8.412203582580347e-08	5.2246542793377775e-08
1.03	3.5925427593108517e-08	4.780940184030915e-08	2.4271869659627317e-09	2.673767154322304e-09	2.3585383588711484e-09	2.716589960115516e-09	7.216267956926939e-09	6.400404513216865e-09	5.9814707420748606e-09	5.687915276211116e-09	8.558101401946264e-09	2.0004327284391123e-08	4.1034018553573505e-09	4.3685416774943185e-09	6.65703948742478e-08	5.778248828887473e-08
1.05	2.7811919107681064e-08	3.9178033201201343e-08	2.1192218586756434e-09	2.570968410495609e-09	2.761429204485117e-09	3.3689241347535055e-09	6.379509094023707e-09	5.467006972751215e-09	6.380301483456814e-09	5.259992088377789e-09	6.100562532582278e-09	9.615654500552627e-09	3.488980919332141e-09	4.054755760940282e-09	5.504192420023676e-08	4.5758324333588934e-08
1.07	2.2380655120109847e-08	2.733674246675941e-08	2.4435483033100416e-09	2.701801448127735e-09	1.5131927435038554e-09	2.0274589501721744e-09	4.3101255481134605e-09	4.364268616669949e-09	4.876178815291703e-09	4.8498040978514265e-09	5.414488704970337e-09	1.0746519924853413e-08	2.9473037983570343e-09	4.752409879994399e-09	4.388549303365628e-08	3.0788376262679295e-08
1.09	2.5192680665402415e-08	3.9448545179923306e-08	1.6328050318260031e-09	2.4506239625170703e-09	1.3837073558561248e-09	2.6411906818131743e-09	4.463696031789337e-09	4.2013935650664385e-09	4.104283361005419e-09	4.306911595189904e-09	4.320367686060809e-09	8.140174213536921e-09	2.5532469532812194e-09	3.519678952759744e-09	4.365078708522133e-08	3.971379168462053e-08
1.11	1.99862090326096e-08	3.2618596647294796e-08	1.2421616387785843e-09	1.871167650676202e-09	1.2215449326516306e-09	1.5681037428075225e-09	3.4686619040530002e-09	4.131707523658177e-09	3.2353204057460454e-09	2.877084249523309e-09	4.053796540686014e-09	6.939917835211552e-09	1.3505196614357547e-09	1.9307400446532848e-09	3.455821411596062e-08	3.583509960551728e-08
1.1300000000000001	1.4705389966307377e-08	2.3082403264551806e-08	8.5240068621425e-10	1.1658738467788617e-09	6.844086918794484e-10	1.295547636856579e-09	3.383951697535755e-09	4.350991298325727e-09	2.058378471201574e-09	2.3331471536454336e-09	3.09664783931293e-09	6.033259163863116e-09	1.9390441403270823e-09	2.9469571629665655e-09	2.672022149277842e-08	2.66594330923692e-08
1.1500000000000001	9.57154064205724e-09	2.1254987015347218e-08	8.877999306674173e-10	2.7113287691950847e-09	1.0605570184564546e-09	1.9174052716310274e-09	2.8074498944443053e-09	3.234152890335778e-09	1.6592007064551153e-09	2.621047585383243e-09	1.3399344441181425e-09	4.030235963067032e-09	1.6185123194709086e-09	3.198499805758164e-09	1.8944994955669578e-08	2.24220853393148e-08
1.17	1.0821484275820634e-08	2.309073522788521e-08	6.63463428529316e-10	1.2974644266381184e-09	9.474824263732876e-10	1.904968454018981e-09	2.0520526437602302e-09	3.1588692527340458e-09	1.702544260191639e-09	2.1462307567755094e-09	1.733249198451911e-09	4.920797542126686e-09	9.968862073793898e-10	1.667387779337434e-09	1.8917162440506405e-08	2.598421524196685e-08
1.19	1.1037076162254391e-08	2.17365259176797e-08	4.933105089237231e-10	1.1709607683194696e-09	6.148413254197135e-10	1.5072145316801998e-09	1.850981139746429e-09	2.671863119818246e-09	1.657714824650872e-09	1.8598544128299157e-09	1.0012088332867143e-09	3.687622897868151e-09	8.460464170067847e-10	1.7840479825894028e-09	1.7501179211288623e-08	2.3292906109588476e-08
1.21	6.996729699749347e-09	1.847495292577867e-08	5.917927560169424e-10	1.2441131171849098e-09	4.3676123281340137e-10	9.098221362033435e-10	1.5329499998896805e-09	2.4603036197740753e-09	1.504010966388524e-09	1.9231845404177725e-09	1.2036988140589835e-09	3.7043672898890877e-09	1.141584254255866e-09	3.2917658395374354e-09	1.3407527723172747e-08	1.8386501725766705e-08
1.23	8.829480423716062e-09	2.043894150288399e-08	2.3485487728745706e-10	5.913076585544578e-10	5.992213534730801e-10	1.1737072891614485e-09	1.2064254512433742e-09	2.2467450677660723e-09	1.0891611440127416e-09	1.6604466643160177e-09	4.4644757865083737e-10	2.0366855205006244e-09	8.276643585358741e-10	2.1888194448211303e-09	1.3233255186919433e-08	2.1469269877105504e-08
1.25	2.5209029697150152e-09	7.3749204183319214e-09	3.430314786531371e-10	7.897943124334408e-10	2.6539590050146514e-10	6.85866764363567e-10	1.3723706175280129e-09	1.979506714470978e-09	6.194107668251306e-10	1.118949074363397e-09	5.143801368667173e-10	1.8927825236588703e-09	7.336358522952257e-10	2.039645478473799e-09	6.369127722384704e-09	8.974536334791715e-09
1.27	3.972478852279542e-09	1.1190415353779332e-08	4.050230848003696e-10	7.522560951949839e-10	1.144497921934203e-10	3.889881786671079e-10	7.393939832527947e-10	1.2902331358433355e-09	8.999286119341423e-10	1.3410834263844437e-09	8.069094226699794e-10	3.132626985210255e-09	6.46129568060978e-10	2.0578580519612576e-09	7.584313315191226e-09	1.2147707593119484e-08
1.29	2.7685245476337833e-09	1.0945934038958706e-08	6.44144913579985e-11	2.8662470145481495e-10	3.518474894272914e-10	1.2491948555702067e-09	1.2068768238281164e-09	2.100775306058185e-09	9.124765763266166e-10	1.8052661732506267e-09	1.1548065232278018e-10	8.019537427551914e-10	2.2693123056006873e-10	8.35786248747079e-10	5.646551811456655e-09	1.1009005122263248e-08
1.31	2.511845536876188e-09	7.837970748793501e-09	9.682599157769871e-11	3.216590944669782e-10	1.890066102436889e-10	5.766859836656324e-10	6.100731728180678e-10	1.2347602286345558e-09	9.197062163232395e-10	2.0966530292213383e-09	6.666939449872825e-10	2.3173891148777364e-09	2.222796191722479e-10	7.505859377257806e-10	5.216431091998413e-09	9.564112940828674e-09
1.33	2.7043548881884e-09	1.0564292435082083e-08	7.104966938708743e-11	2.4631842373909013e-10	1.4301845682855857e-10	5.70425419842856e-10	4.570666713907397e-10	1.2995219713309358e-09	7.316400733024417e-10	1.3099001135285106e-09	4.688820501440018e-10	2.0589870332167933e-09	7.392692368972231e-11	3.2243753737412427e-10	4.6499387329309525e-09	1.1043730003351843e-08
1.35	2.785061596795922e-09	7.730700726787087e-09	4.487734353670024e-11	2.7084642722332086e-10	1.6818166834458435e-10	4.47623375867664e-10	8.257577278802322e-10	1.8558366621267005e-09	4.6515553703605337e-10	9.633131049000275e-10	3.754533378632301e-10	1.8938001571669847e-09	3.8520750279765556e-10	1.7750125771130764e-09	5.049694714254378e-09	9.582443874021076e-09
1.37	4.248109733810893e-09	1.492769947608191e-08	3.795410290235562e-11	2.176850562698101e-10	2.0187464451937933e-10	8.3977631287751e-10	6.682994968144212e-10	1.8553796913331555e-09	4.760905496209109e-10	9.451849583263837e-10	5.741106156942518e-10	2.7790309380840993e-09	3.387224895745489e-10	1.8159045098217615e-09	6.545161632936759e-09	1.6952221852115416e-08
1.3900000000000001	1.7495210781104854e-09	7.004459190572276e-09	6.651480582473085e-11	3.9067435697125445e-10	5.424404201876598e-11	2.7056108926907833e-10	5.674841638334747e-10	1.1559279487597814e-09	4.224575819476947e-10	1.0956849185613293e-09	2.6042946706301972e-11	1.8230062694411386e-10	3.045643945190034e-12	2.0154468668241044e-11	2.8893102623866445e-09	7.783875511356896e-09
1.4100000000000001	9.39280790226191e-10	6.257883145114075e-09	9.477457741393347e-11	4.889982247074887e-10	1.457037430155007e-10	6.313099228957022e-10	2.4629261435228646e-10	8.604536686775952e-10	6.076807614050926e-10	1.4733093279379548e-09	5.151910716228318e-13	2.5239131677498117e-12	3.4972405682217936e-11	1.4823601911803964e-10	2.0692200831668444e-09	6.693663752148724e-09
1.43	2.353031495711526e-09	9.698836035073143e-09	6.657265512875671e-13	1.9618256949963953e-12	3.5919138457906214e-11	1.7111547431394124e-10	3.4586187484395306e-10	9.91798248327395e-10	2.97141551816513e-10	1.066772579158954e-09	3.1126908970281374e-10	1.4904518397312745e-09	2.599862091145944e-10	1.1374485105290817e-09	3.603875086198594e-09	1.0258767703607804e-08
1.45	2.0329354865903166e-09	1.3816813681364978e-08	3.1651263803154694e-13	1.3486565943685727e-12	1.8587471492390114e-11	8.49038868978025e-11	2.5289368263285106e-10	7.956238593135673e-10	9.471375213236804e-11	3.800830202682559e-10	7.510586182762579e-11	3.8113436803604356e-10	9.641204593109615e-13	5.807353999773029e-12	2.4755168877728937e-09	1.42010640779877e-08
1.47	1.4841256799314945e-09	6.6899435776643575e-09	1.9705697495249495e-11	1.3793988246674665e-10	6.165066739722409e-11	4.167758285270349e-10	1.0689220849746572e-10	4.0240506432700316e-10	2.8765428771552646e-10	1.1664996486499667e-09	5.3711211655894e-13	2.64392972823854e-12	4.1112404449258333e-11	2.8098908894439983e-10	2.0016780576027777e-09	6.857713550152792e-09
1.49	1.2355971037921202e-09	6.228701498479859e-09	3.0837994343035943e-12	2.110962879646458e-11	1.1497274948627487e-10	4.430241441122284e-10	1.1847766557961148e-10	5.872267212050385e-10	1.067001957336168e-10	4.5575594367561996e-10	1.2811768330910947e-10	8.943796663616111e-10	0.0	0.0	1.7069491973350368e-09	6.310816145556336e-09
1.51	1.0916644370111233e-09	5.043332897195112e-09	8.653349093902454e-12	4.57002953592291e-11	6.660407361736589e-11	3.261939847777109e-10	2.3365435300920775e-10	8.123010691122229e-10	3.731611443997624e-11	1.526372715082115e-10	0.0	0.0	9.947030940282552e-11	6.5051564368555e-10	1.5373626365744016e-09	5.328609669162245e-09
1.53	2.913888587715164e-10	1.5175522852156414e-09	0.0	0.0	1.3337019107128962e-11	9.335691195304453e-11	7.405880708875937e-11	4.463750387850307e-10	5.7568797446317305e-11	2.4582747096950533e-10	1.5213896576987478e-10	1.064972760389123e-09	3.0794120936120847e-11	2.1374770989799027e-10	6.192865691197177e-10	1.8673189441314673e-09
1.55	8.168254033701731e-11	5.71777782359121e-10	1.1159042265172947e-12	7.811329585621063e-12	3.6557485000630346e-13	1.8648597076219176e-12	2.581874097991294e-13	1.0516521569575849e-12	2.0040370216258447e-10	6.834885932954121e-10	2.765003654778838e-13	1.935502558345186e-12	1.8099847254390085e-11	1.2487286275078662e-10	3.022022566057925e-10	8.750480980785527e-10
1.57	5.775435232157262e-10	4.0350048455610495e-09	1.2991937924266446e-11	9.094356546986505e-11	3.561425399250756e-11	2.4843662121016313e-10	3.4034302121864467e-12	2.3272666541107983e-11	7.163945304159841e-11	3.578868113531955e-10	0.0	0.0	1.9477309613838865e-13	1.3634116729687212e-12	7.013873714824233e-10	4.040865813613337e-09
1.59	3.3412260276264944e-12	1.3713827264639964e-11	0.0	0.0	2.6915383333207823e-13	1.2124753774802694e-12	8.86191531781053e-11	4.13156372610585e-10	6.220890868495488e-11	3.2814650393754114e-10	0.0	0.0	1.3284494602629083e-10	9.299146221840349e-10	2.872833877503096e-10	1.0486477044963884e-09
1.61	3.0336192829637772e-12	1.681102271136345e-11	0.0	0.0	0.0	0.0	2.0938017038589316e-12	1.4656611927012504e-11	7.220614883151017e-11	3.6103448629165733e-10	0.0	0.0	0.0	0.0	7.733356981833289e-11	3.6068013642204137e-10
1.6300000000000001	5.320337484113563e-10	3.504246763836585e-09	4.2406668504857545e-16	2.9684667953400224e-15	1.1022333841766922e-10	7.715633689236854e-10	6.992265164556887e-11	4.894585615189821e-10	4.5267396549055535e-11	3.163951635855205e-10	2.3684776832394313e-11	1.6579343782676e-10	3.170878444869877e-11	2.1952463431373085e-10	8.128411203714278e-10	3.898019382926338e-09
1.6500000000000001	6.014833622518533e-10	4.210383535762977e-09	0.0	0.0	0.0	0.0	1.1864944130421418e-10	6.026622507196065e-10	6.88899129145225e-11	3.102204775388801e-10	2.411652645957285e-13	1.6881568521700968e-12	7.291331429553321e-12	4.882610853669861e-11	7.965552131647389e-10	4.241204745681204e-09
1.6700000000000002	6.226874994026877e-10	4.35410639879435e-09	1.0444708592503765e-11	7.311296014752646e-11	2.7619975357186472e-11	1.8248116858868857e-10	0.0	0.0	5.3380840495476904e-14	3.7366588346833867e-13	0.0	0.0	0.0	0.0	6.608055641928735e-10	4.353025986546501e-09
1.69	0.0	0.0	1.7142278483248583e-11	1.1999594938274e-10	3.793152072773837e-11	2.6552064509416894e-10	1.2188764558229887e-10	6.073683056229672e-10	0.0	0.0	2.2677470343840367e-13	1.5874229240688236e-12	2.0552073041705762e-11	1.4386451129194012e-10	1.9774029253842998e-10	7.339600134163001e-10
1.71	1.0587531745554039e-12	7.411272221887835e-12	2.6653537961747137e-13	1.8657476573222986e-12	0.0	0.0	0.0	0.0	6.1986689062666e-12	4.339068234386623e-11	0.0	0.0	0.0	0.0	7.523957460439475e-12	4.386530342161404e-11
1.73	2.4208863333173325e-13	1.694620433322133e-12	0.0	0.0	0.0	0.0	0.0	0.0	2.062150351355713e-12	1.3782725544300316e-11	0.0	0.0	1.9075631364134333e-11	1.335294195489401e-10	2.1379870348821777e-11	1.3391800877292545e-10
1.75	0.0	0.0	9.820974659366375e-15	6.874682261556452e-14	2.0356622540400852e-11	1.4214643102184999e-10	0.0	0.0	3.594183514357025e-11	2.338925559470447e-10	7.812227395256166e-14	5.468559176679322e-13	0.0	0.0	5.638640093258303e-11	2.712878071961612e-10
1.77	0.0	0.0	2.9516960427895024e-13	2.0661872299526503e-12	0.0	0.0	0.0	0.0	1.6953199695016895e-12	1.1867239786511815e-11	0.0	0.0	2.858898778582738e-11	2.0012291450079168e-10	3.057947735960802e-11	2.0019857252247519e-10
1.79	6.075158519232717e-13	4.252610963462904e-12	3.8616128303306025e-16	2.703128981231421e-15	0.0	0.0	0.0	0.0	0.0	0.0	2.045841767890304e-13	1.4320892375232123e-12	0.0	0.0	8.124861899953351e-13	4.459415144794088e-12
1.81	0.0	0.0	0.0	0.0	5.869060276778452e-14	4.108342193744923e-13	0.0	0.0	0.0	0.0	0.0	0.0	0.0	0.0	5.869060276778452e-14	4.108342193744923e-13
1.83	0.0	0.0	0.0	0.0	0.0	0.0	0.0	0.0	8.696156489882352e-12	6.087309542917648e-11	0.0	0.0	0.0	0.0	8.696156489882352e-12	6.087309542917648e-11
1.85	0.0	0.0	0.0	0.0	0.0	0.0	1.1636372419160142e-13	8.1454606934121e-13	0.0	0.0	0.0	0.0	0.0	0.0	1.1636372419160142e-13	8.1454606934121e-13
1.87	0.0	0.0	0.0	0.0	0.0	0.0	0.0	0.0	0.0	0.0	0.0	0.0	0.0	0.0	0.0	0.0
1.8900000000000001	1.478877105946474e-11	1.0352139741625311e-10	0.0	0.0	0.0	0.0	0.0	0.0	0.0	0.0	0.0	0.0	1.3848958349817123e-11	9.694270844871987e-11	2.8637729409281867e-11	1.4037432206601147e-10
1.9100000000000001	0.0	0.0	0.0	0.0	0.0	0.0	0.0	0.0	0.0	0.0	0.0	0.0	0.0	0.0	0.0	0.0
1.93	0.0	0.0	0.0	0.0	0.0	0.0	0.0	0.0	0.0	0.0	0.0	0.0	6.788193719633088e-14	4.751735603743157e-13	6.788193719633088e-14	4.751735603743157e-13
1.95	0.0	0.0	0.0	0.0	0.0	0.0	0.0	0.0	0.0	0.0	0.0	0.0	0.0	0.0	0.0	0.0
1.97	0.0	0.0	0.0	0.0	0.0	0.0	0.0	0.0	0.0	0.0	0.0	0.0	0.0	0.0	0.0	0.0
1.99	0.0	0.0	0.0	0.0	0.0	0.0	0.0	0.0	0.0	0.0	0.0	0.0	0.0	0.0	0.0	0.0
2.01	0.0	0.0	0.0	0.0	0.0	0.0	0.0	0.0	0.0	0.0	0.0	0.0	0.0	0.0	0.0	0.0
2.03	0.0	0.0	0.0	0.0	0.0	0.0	0.0	0.0	0.0	0.0	0.0	0.0	0.0	0.0	0.0	0.0
2.05	0.0	0.0	0.0	0.0	0.0	0.0	0.0	0.0	0.0	0.0	0.0	0.0	0.0	0.0	0.0	0.0
2.07	0.0	0.0	0.0	0.0	0.0	0.0	0.0	0.0	0.0	0.0	0.0	0.0	0.0	0.0	0.0	0.0
2.09	0.0	0.0	0.0	0.0	0.0	0.0	0.0	0.0	0.0	0.0	0.0	0.0	0.0	0.0	0.0	0.0
2.11	0.0	0.0	0.0	0.0	0.0	0.0	0.0	0.0	0.0	0.0	0.0	0.0	0.0	0.0	0.0	0.0
2.13	0.0	0.0	0.0	0.0	0.0	0.0	0.0	0.0	0.0	0.0	0.0	0.0	0.0	0.0	0.0	0.0
2.15	0.0	0.0	0.0	0.0	0.0	0.0	0.0	0.0	0.0	0.0	0.0	0.0	0.0	0.0	0.0	0.0
2.17	0.0	0.0	0.0	0.0	0.0	0.0	0.0	0.0	0.0	0.0	0.0	0.0	0.0	0.0	0.0	0.0
2.19	0.0	0.0	0.0	0.0	0.0	0.0	0.0	0.0	0.0	0.0	0.0	0.0	0.0	0.0	0.0	0.0
2.21	0.0	0.0	0.0	0.0	0.0	0.0	0.0	0.0	0.0	0.0	0.0	0.0	0.0	0.0	0.0	0.0
2.23	0.0	0.0	0.0	0.0	0.0	0.0	0.0	0.0	0.0	0.0	0.0	0.0	0.0	0.0	0.0	0.0
2.25	0.0	0.0	0.0	0.0	0.0	0.0	0.0	0.0	0.0	0.0	0.0	0.0	0.0	0.0	0.0	0.0
2.27	0.0	0.0	0.0	0.0	0.0	0.0	0.0	0.0	0.0	0.0	0.0	0.0	0.0	0.0	0.0	0.0
2.29	0.0	0.0	0.0	0.0	0.0	0.0	0.0	0.0	0.0	0.0	0.0	0.0	0.0	0.0	0.0	0.0
2.31	0.0	0.0	0.0	0.0	0.0	0.0	0.0	0.0	0.0	0.0	0.0	0.0	0.0	0.0	0.0	0.0
2.3299999999999996	0.0	0.0	0.0	0.0	0.0	0.0	0.0	0.0	0.0	0.0	0.0	0.0	0.0	0.0	0.0	0.0
2.3499999999999996	0.0	0.0	0.0	0.0	0.0	0.0	0.0	0.0	0.0	0.0	0.0	0.0	0.0	0.0	0.0	0.0
2.3699999999999997	0.0	0.0	0.0	0.0	0.0	0.0	0.0	0.0	0.0	0.0	0.0	0.0	0.0	0.0	0.0	0.0
2.3899999999999997	0.0	0.0	0.0	0.0	0.0	0.0	0.0	0.0	0.0	0.0	0.0	0.0	0.0	0.0	0.0	0.0
2.4099999999999997	0.0	0.0	0.0	0.0	0.0	0.0	0.0	0.0	0.0	0.0	0.0	0.0	0.0	0.0	0.0	0.0
2.4299999999999997	0.0	0.0	0.0	0.0	0.0	0.0	0.0	0.0	0.0	0.0	0.0	0.0	0.0	0.0	0.0	0.0
2.4499999999999997	0.0	0.0	0.0	0.0	0.0	0.0	0.0	0.0	0.0	0.0	0.0	0.0	0.0	0.0	0.0	0.0
2.4699999999999998	0.0	0.0	0.0	0.0	0.0	0.0	0.0	0.0	0.0	0.0	0.0	0.0	0.0	0.0	0.0	0.0
2.4899999999999998	0.0	0.0	0.0	0.0	0.0	0.0	0.0	0.0	0.0	0.0	0.0	0.0	0.0	0.0	0.0	0.0
2.51	0.0	0.0	0.0	0.0	0.0	0.0	0.0	0.0	0.0	0.0	0.0	0.0	0.0	0.0	0.0	0.0
2.53	0.0	0.0	0.0	0.0	0.0	0.0	0.0	0.0	0.0	0.0	0.0	0.0	0.0	0.0	0.0	0.0
2.55	0.0	0.0	0.0	0.0	0.0	0.0	0.0	0.0	0.0	0.0	0.0	0.0	0.0	0.0	0.0	0.0
2.57	0.0	0.0	0.0	0.0	0.0	0.0	0.0	0.0	0.0	0.0	0.0	0.0	0.0	0.0	0.0	0.0
2.59	0.0	0.0	0.0	0.0	0.0	0.0	0.0	0.0	0.0	0.0	0.0	0.0	0.0	0.0	0.0	0.0
2.61	0.0	0.0	0.0	0.0	0.0	0.0	0.0	0.0	0.0	0.0	0.0	0.0	0.0	0.0	0.0	0.0
2.63	0.0	0.0	0.0	0.0	0.0	0.0	0.0	0.0	0.0	0.0	0.0	0.0	0.0	0.0	0.0	0.0
2.65	0.0	0.0	0.0	0.0	0.0	0.0	0.0	0.0	0.0	0.0	0.0	0.0	0.0	0.0	0.0	0.0
2.67	0.0	0.0	0.0	0.0	0.0	0.0	0.0	0.0	0.0	0.0	0.0	0.0	0.0	0.0	0.0	0.0
2.69	0.0	0.0	0.0	0.0	0.0	0.0	0.0	0.0	0.0	0.0	0.0	0.0	0.0	0.0	0.0	0.0
2.71	0.0	0.0	0.0	0.0	0.0	0.0	0.0	0.0	0.0	0.0	0.0	0.0	0.0	0.0	0.0	0.0
2.73	0.0	0.0	0.0	0.0	0.0	0.0	0.0	0.0	0.0	0.0	0.0	0.0	0.0	0.0	0.0	0.0
2.75	0.0	0.0	0.0	0.0	0.0	0.0	0.0	0.0	0.0	0.0	0.0	0.0	0.0	0.0	0.0	0.0
2.77	0.0	0.0	0.0	0.0	0.0	0.0	0.0	0.0	0.0	0.0	0.0	0.0	0.0	0.0	0.0	0.0
2.79	0.0	0.0	0.0	0.0	0.0	0.0	0.0	0.0	0.0	0.0	0.0	0.0	0.0	0.0	0.0	0.0
2.81	0.0	0.0	0.0	0.0	0.0	0.0	0.0	0.0	0.0	0.0	0.0	0.0	0.0	0.0	0.0	0.0
2.8299999999999996	0.0	0.0	0.0	0.0	0.0	0.0	0.0	0.0	0.0	0.0	0.0	0.0	0.0	0.0	0.0	0.0
2.8499999999999996	0.0	0.0	0.0	0.0	0.0	0.0	0.0	0.0	0.0	0.0	0.0	0.0	0.0	0.0	0.0	0.0
2.8699999999999997	0.0	0.0	0.0	0.0	0.0	0.0	0.0	0.0	0.0	0.0	0.0	0.0	0.0	0.0	0.0	0.0
2.8899999999999997	0.0	0.0	0.0	0.0	0.0	0.0	0.0	0.0	0.0	0.0	0.0	0.0	0.0	0.0	0.0	0.0
2.9099999999999997	0.0	0.0	0.0	0.0	0.0	0.0	0.0	0.0	0.0	0.0	0.0	0.0	0.0	0.0	0.0	0.0
2.9299999999999997	0.0	0.0	0.0	0.0	0.0	0.0	0.0	0.0	0.0	0.0	0.0	0.0	0.0	0.0	0.0	0.0
2.9499999999999997	0.0	0.0	0.0	0.0	0.0	0.0	0.0	0.0	0.0	0.0	0.0	0.0	0.0	0.0	0.0	0.0
2.9699999999999998	0.0	0.0	0.0	0.0	0.0	0.0	0.0	0.0	0.0	0.0	0.0	0.0	0.0	0.0	0.0	0.0
2.9899999999999998	0.0	0.0	0.0	0.0	0.0	0.0	0.0	0.0	0.0	0.0	0.0	0.0	0.0	0.0	0.0	0.0
3.01	0.0	0.0	0.0	0.0	0.0	0.0	0.0	0.0	0.0	0.0	0.0	0.0	0.0	0.0	0.0	0.0
3.03	0.0	0.0	0.0	0.0	0.0	0.0	0.0	0.0	0.0	0.0	0.0	0.0	0.0	0.0	0.0	0.0
3.05	0.0	0.0	0.0	0.0	0.0	0.0	0.0	0.0	0.0	0.0	0.0	0.0	0.0	0.0	0.0	0.0
3.07	0.0	0.0	0.0	0.0	0.0	0.0	0.0	0.0	0.0	0.0	0.0	0.0	0.0	0.0	0.0	0.0
3.09	0.0	0.0	0.0	0.0	0.0	0.0	0.0	0.0	0.0	0.0	0.0	0.0	0.0	0.0	0.0	0.0
3.11	0.0	0.0	0.0	0.0	0.0	0.0	0.0	0.0	0.0	0.0	0.0	0.0	0.0	0.0	0.0	0.0
3.13	0.0	0.0	0.0	0.0	0.0	0.0	0.0	0.0	0.0	0.0	0.0	0.0	0.0	0.0	0.0	0.0
3.15	0.0	0.0	0.0	0.0	0.0	0.0	0.0	0.0	0.0	0.0	0.0	0.0	0.0	0.0	0.0	0.0
3.17	0.0	0.0	0.0	0.0	0.0	0.0	0.0	0.0	0.0	0.0	0.0	0.0	0.0	0.0	0.0	0.0
3.19	0.0	0.0	0.0	0.0	0.0	0.0	0.0	0.0	0.0	0.0	0.0	0.0	0.0	0.0	0.0	0.0
3.21	0.0	0.0	0.0	0.0	0.0	0.0	0.0	0.0	0.0	0.0	0.0	0.0	0.0	0.0	0.0	0.0
3.23	0.0	0.0	0.0	0.0	0.0	0.0	0.0	0.0	0.0	0.0	0.0	0.0	0.0	0.0	0.0	0.0
3.25	0.0	0.0	0.0	0.0	0.0	0.0	0.0	0.0	0.0	0.0	0.0	0.0	0.0	0.0	0.0	0.0
3.27	0.0	0.0	0.0	0.0	0.0	0.0	0.0	0.0	0.0	0.0	0.0	0.0	0.0	0.0	0.0	0.0
3.29	0.0	0.0	0.0	0.0	0.0	0.0	0.0	0.0	0.0	0.0	0.0	0.0	0.0	0.0	0.0	0.0
3.31	0.0	0.0	0.0	0.0	0.0	0.0	0.0	0.0	0.0	0.0	0.0	0.0	0.0	0.0	0.0	0.0
3.33	0.0	0.0	0.0	0.0	0.0	0.0	0.0	0.0	0.0	0.0	0.0	0.0	0.0	0.0	0.0	0.0
3.3499999999999996	0.0	0.0	0.0	0.0	0.0	0.0	0.0	0.0	0.0	0.0	0.0	0.0	0.0	0.0	0.0	0.0
3.3699999999999997	0.0	0.0	0.0	0.0	0.0	0.0	0.0	0.0	0.0	0.0	0.0	0.0	0.0	0.0	0.0	0.0
3.3899999999999997	0.0	0.0	0.0	0.0	0.0	0.0	0.0	0.0	0.0	0.0	0.0	0.0	0.0	0.0	0.0	0.0
3.4099999999999997	0.0	0.0	0.0	0.0	0.0	0.0	0.0	0.0	0.0	0.0	0.0	0.0	0.0	0.0	0.0	0.0
3.4299999999999997	0.0	0.0	0.0	0.0	0.0	0.0	0.0	0.0	0.0	0.0	0.0	0.0	0.0	0.0	0.0	0.0
3.4499999999999997	0.0	0.0	0.0	0.0	0.0	0.0	0.0	0.0	0.0	0.0	0.0	0.0	0.0	0.0	0.0	0.0
3.4699999999999998	0.0	0.0	0.0	0.0	0.0	0.0	0.0	0.0	0.0	0.0	0.0	0.0	0.0	0.0	0.0	0.0
3.4899999999999998	0.0	0.0	0.0	0.0	0.0	0.0	0.0	0.0	0.0	0.0	0.0	0.0	0.0	0.0	0.0	0.0
3.51	0.0	0.0	0.0	0.0	0.0	0.0	0.0	0.0	0.0	0.0	0.0	0.0	0.0	0.0	0.0	0.0
3.53	0.0	0.0	0.0	0.0	0.0	0.0	0.0	0.0	0.0	0.0	0.0	0.0	0.0	0.0	0.0	0.0
3.55	0.0	0.0	0.0	0.0	0.0	0.0	0.0	0.0	0.0	0.0	0.0	0.0	0.0	0.0	0.0	0.0
3.57	0.0	0.0	0.0	0.0	0.0	0.0	0.0	0.0	0.0	0.0	0.0	0.0	0.0	0.0	0.0	0.0
3.59	0.0	0.0	0.0	0.0	0.0	0.0	0.0	0.0	0.0	0.0	0.0	0.0	0.0	0.0	0.0	0.0
3.61	0.0	0.0	0.0	0.0	0.0	0.0	0.0	0.0	0.0	0.0	0.0	0.0	0.0	0.0	0.0	0.0
3.63	0.0	0.0	0.0	0.0	0.0	0.0	0.0	0.0	0.0	0.0	0.0	0.0	0.0	0.0	0.0	0.0
3.65	0.0	0.0	0.0	0.0	0.0	0.0	0.0	0.0	0.0	0.0	0.0	0.0	0.0	0.0	0.0	0.0
3.67	0.0	0.0	0.0	0.0	0.0	0.0	0.0	0.0	0.0	0.0	0.0	0.0	0.0	0.0	0.0	0.0
3.69	0.0	0.0	0.0	0.0	0.0	0.0	0.0	0.0	0.0	0.0	0.0	0.0	0.0	0.0	0.0	0.0
3.71	0.0	0.0	0.0	0.0	0.0	0.0	0.0	0.0	0.0	0.0	0.0	0.0	0.0	0.0	0.0	0.0
3.73	0.0	0.0	0.0	0.0	0.0	0.0	0.0	0.0	0.0	0.0	0.0	0.0	0.0	0.0	0.0	0.0
3.75	0.0	0.0	0.0	0.0	0.0	0.0	0.0	0.0	0.0	0.0	0.0	0.0	0.0	0.0	0.0	0.0
3.77	0.0	0.0	0.0	0.0	0.0	0.0	0.0	0.0	0.0	0.0	0.0	0.0	0.0	0.0	0.0	0.0
3.79	0.0	0.0	0.0	0.0	0.0	0.0	0.0	0.0	0.0	0.0	0.0	0.0	0.0	0.0	0.0	0.0
3.81	0.0	0.0	0.0	0.0	0.0	0.0	0.0	0.0	0.0	0.0	0.0	0.0	0.0	0.0	0.0	0.0
3.83	0.0	0.0	0.0	0.0	0.0	0.0	0.0	0.0	0.0	0.0	0.0	0.0	0.0	0.0	0.0	0.0
3.8499999999999996	0.0	0.0	0.0	0.0	0.0	0.0	0.0	0.0	0.0	0.0	0.0	0.0	0.0	0.0	0.0	0.0
3.8699999999999997	0.0	0.0	0.0	0.0	0.0	0.0	0.0	0.0	0.0	0.0	0.0	0.0	0.0	0.0	0.0	0.0
3.8899999999999997	0.0	0.0	0.0	0.0	0.0	0.0	0.0	0.0	0.0	0.0	0.0	0.0	0.0	0.0	0.0	0.0
3.9099999999999997	0.0	0.0	0.0	0.0	0.0	0.0	0.0	0.0	0.0	0.0	0.0	0.0	0.0	0.0	0.0	0.0
3.9299999999999997	0.0	0.0	0.0	0.0	0.0	0.0	0.0	0.0	0.0	0.0	0.0	0.0	0.0	0.0	0.0	0.0
3.9499999999999997	0.0	0.0	0.0	0.0	0.0	0.0	0.0	0.0	0.0	0.0	0.0	0.0	0.0	0.0	0.0	0.0
3.9699999999999998	0.0	0.0	0.0	0.0	0.0	0.0	0.0	0.0	0.0	0.0	0.0	0.0	0.0	0.0	0.0	0.0
3.9899999999999998	0.0	0.0	0.0	0.0	0.0	0.0	0.0	0.0	0.0	0.0	0.0	0.0	0.0	0.0	0.0	0.0
4.01	0.0	0.0	0.0	0.0	0.0	0.0	0.0	0.0	0.0	0.0	0.0	0.0	0.0	0.0	0.0	0.0
4.03	0.0	0.0	0.0	0.0	0.0	0.0	0.0	0.0	0.0	0.0	0.0	0.0	0.0	0.0	0.0	0.0
4.05	0.0	0.0	0.0	0.0	0.0	0.0	0.0	0.0	0.0	0.0	0.0	0.0	0.0	0.0	0.0	0.0
4.07	0.0	0.0	0.0	0.0	0.0	0.0	0.0	0.0	0.0	0.0	0.0	0.0	0.0	0.0	0.0	0.0
4.09	0.0	0.0	0.0	0.0	0.0	0.0	0.0	0.0	0.0	0.0	0.0	0.0	0.0	0.0	0.0	0.0
4.109999999999999	0.0	0.0	0.0	0.0	0.0	0.0	0.0	0.0	0.0	0.0	0.0	0.0	0.0	0.0	0.0	0.0
4.13	0.0	0.0	0.0	0.0	0.0	0.0	0.0	0.0	0.0	0.0	0.0	0.0	0.0	0.0	0.0	0.0
4.1499999999999995	0.0	0.0	0.0	0.0	0.0	0.0	0.0	0.0	0.0	0.0	0.0	0.0	0.0	0.0	0.0	0.0
4.17	0.0	0.0	0.0	0.0	0.0	0.0	0.0	0.0	0.0	0.0	0.0	0.0	0.0	0.0	0.0	0.0
4.1899999999999995	0.0	0.0	0.0	0.0	0.0	0.0	0.0	0.0	0.0	0.0	0.0	0.0	0.0	0.0	0.0	0.0
4.21	0.0	0.0	0.0	0.0	0.0	0.0	0.0	0.0	0.0	0.0	0.0	0.0	0.0	0.0	0.0	0.0
4.2299999999999995	0.0	0.0	0.0	0.0	0.0	0.0	0.0	0.0	0.0	0.0	0.0	0.0	0.0	0.0	0.0	0.0
4.25	0.0	0.0	0.0	0.0	0.0	0.0	0.0	0.0	0.0	0.0	0.0	0.0	0.0	0.0	0.0	0.0
4.27	0.0	0.0	0.0	0.0	0.0	0.0	0.0	0.0	0.0	0.0	0.0	0.0	0.0	0.0	0.0	0.0
4.29	0.0	0.0	0.0	0.0	0.0	0.0	0.0	0.0	0.0	0.0	0.0	0.0	0.0	0.0	0.0	0.0
4.31	0.0	0.0	0.0	0.0	0.0	0.0	0.0	0.0	0.0	0.0	0.0	0.0	0.0	0.0	0.0	0.0
4.33	0.0	0.0	0.0	0.0	0.0	0.0	0.0	0.0	0.0	0.0	0.0	0.0	0.0	0.0	0.0	0.0
4.35	0.0	0.0	0.0	0.0	0.0	0.0	0.0	0.0	0.0	0.0	0.0	0.0	0.0	0.0	0.0	0.0
4.37	0.0	0.0	0.0	0.0	0.0	0.0	0.0	0.0	0.0	0.0	0.0	0.0	0.0	0.0	0.0	0.0
4.39	0.0	0.0	0.0	0.0	0.0	0.0	0.0	0.0	0.0	0.0	0.0	0.0	0.0	0.0	0.0	0.0
4.41	0.0	0.0	0.0	0.0	0.0	0.0	0.0	0.0	0.0	0.0	0.0	0.0	0.0	0.0	0.0	0.0
4.43	0.0	0.0	0.0	0.0	0.0	0.0	0.0	0.0	0.0	0.0	0.0	0.0	0.0	0.0	0.0	0.0
4.45	0.0	0.0	0.0	0.0	0.0	0.0	0.0	0.0	0.0	0.0	0.0	0.0	0.0	0.0	0.0	0.0
4.47	0.0	0.0	0.0	0.0	0.0	0.0	0.0	0.0	0.0	0.0	0.0	0.0	0.0	0.0	0.0	0.0
4.49	0.0	0.0	0.0	0.0	0.0	0.0	0.0	0.0	0.0	0.0	0.0	0.0	0.0	0.0	0.0	0.0
4.51	0.0	0.0	0.0	0.0	0.0	0.0	0.0	0.0	0.0	0.0	0.0	0.0	0.0	0.0	0.0	0.0
4.53	0.0	0.0	0.0	0.0	0.0	0.0	0.0	0.0	0.0	0.0	0.0	0.0	0.0	0.0	0.0	0.0
4.55	0.0	0.0	0.0	0.0	0.0	0.0	0.0	0.0	0.0	0.0	0.0	0.0	0.0	0.0	0.0	0.0
4.57	0.0	0.0	0.0	0.0	0.0	0.0	0.0	0.0	0.0	0.0	0.0	0.0	0.0	0.0	0.0	0.0
4.59	0.0	0.0	0.0	0.0	0.0	0.0	0.0	0.0	0.0	0.0	0.0	0.0	0.0	0.0	0.0	0.0
4.61	0.0	0.0	0.0	0.0	0.0	0.0	0.0	0.0	0.0	0.0	0.0	0.0	0.0	0.0	0.0	0.0
4.63	0.0	0.0	0.0	0.0	0.0	0.0	0.0	0.0	0.0	0.0	0.0	0.0	0.0	0.0	0.0	0.0
4.6499999999999995	0.0	0.0	0.0	0.0	0.0	0.0	0.0	0.0	0.0	0.0	0.0	0.0	0.0	0.0	0.0	0.0
4.67	0.0	0.0	0.0	0.0	0.0	0.0	0.0	0.0	0.0	0.0	0.0	0.0	0.0	0.0	0.0	0.0
4.6899999999999995	0.0	0.0	0.0	0.0	0.0	0.0	0.0	0.0	0.0	0.0	0.0	0.0	0.0	0.0	0.0	0.0
4.71	0.0	0.0	0.0	0.0	0.0	0.0	0.0	0.0	0.0	0.0	0.0	0.0	0.0	0.0	0.0	0.0
4.7299999999999995	0.0	0.0	0.0	0.0	0.0	0.0	0.0	0.0	0.0	0.0	0.0	0.0	0.0	0.0	0.0	0.0
4.75	0.0	0.0	0.0	0.0	0.0	0.0	0.0	0.0	0.0	0.0	0.0	0.0	0.0	0.0	0.0	0.0
4.77	0.0	0.0	0.0	0.0	0.0	0.0	0.0	0.0	0.0	0.0	0.0	0.0	0.0	0.0	0.0	0.0
4.79	0.0	0.0	0.0	0.0	0.0	0.0	0.0	0.0	0.0	0.0	0.0	0.0	0.0	0.0	0.0	0.0
4.81	0.0	0.0	0.0	0.0	0.0	0.0	0.0	0.0	0.0	0.0	0.0	0.0	0.0	0.0	0.0	0.0
4.83	0.0	0.0	0.0	0.0	0.0	0.0	0.0	0.0	0.0	0.0	0.0	0.0	0.0	0.0	0.0	0.0
4.85	0.0	0.0	0.0	0.0	0.0	0.0	0.0	0.0	0.0	0.0	0.0	0.0	0.0	0.0	0.0	0.0
4.87	0.0	0.0	0.0	0.0	0.0	0.0	0.0	0.0	0.0	0.0	0.0	0.0	0.0	0.0	0.0	0.0
4.89	0.0	0.0	0.0	0.0	0.0	0.0	0.0	0.0	0.0	0.0	0.0	0.0	0.0	0.0	0.0	0.0
4.91	0.0	0.0	0.0	0.0	0.0	0.0	0.0	0.0	0.0	0.0	0.0	0.0	0.0	0.0	0.0	0.0
4.93	0.0	0.0	0.0	0.0	0.0	0.0	0.0	0.0	0.0	0.0	0.0	0.0	0.0	0.0	0.0	0.0
4.95	0.0	0.0	0.0	0.0	0.0	0.0	0.0	0.0	0.0	0.0	0.0	0.0	0.0	0.0	0.0	0.0
4.97	0.0	0.0	0.0	0.0	0.0	0.0	0.0	0.0	0.0	0.0	0.0	0.0	0.0	0.0	0.0	0.0
4.99	0.0	0.0	0.0	0.0	0.0	0.0	0.0	0.0	0.0	0.0	0.0	0.0	0.0	0.0	0.0	0.0
# SMASH-1.8-3-gcb63f17f