1.000000000000000056e-01 nan 0.000000000000000000e+00 nan 0.000000000000000000e+00 0.000000000000000000e+00 0.000000000000000000e+00 0.000000000000000000e+00
2.999999999999999889e-01 5.944060080993680550e+00 0.000000000000000000e+00 1.018056309052243862e-02 0.000000000000000000e+00 0.000000000000000000e+00 0.000000000000000000e+00 0.000000000000000000e+00
5.000000000000000000e-01 1.399974673250139690e+00 0.000000000000000000e+00 9.248924307645820658e-03 0.000000000000000000e+00 0.000000000000000000e+00 0.000000000000000000e+00 0.000000000000000000e+00
6.999999999999999556e-01 4.943494823187952192e-01 0.000000000000000000e+00 9.481415543292086648e-03 0.000000000000000000e+00 0.000000000000000000e+00 0.000000000000000000e+00 0.000000000000000000e+00
9.000000000000000222e-01 2.033667468042482940e-01 0.000000000000000000e+00 1.103373977598324542e-02 0.000000000000000000e+00 0.000000000000000000e+00 0.000000000000000000e+00 0.000000000000000000e+00
1.100000000000000089e+00 8.988812216328972982e-02 0.000000000000000000e+00 1.286721952494329808e-02 0.000000000000000000e+00 0.000000000000000000e+00 0.000000000000000000e+00 0.000000000000000000e+00
1.300000000000000044e+00 4.139601366693085316e-02 0.000000000000000000e+00 1.432967851198410289e-02 0.000000000000000000e+00 0.000000000000000000e+00 0.000000000000000000e+00 0.000000000000000000e+00
1.500000000000000000e+00 1.961322306236346763e-02 0.000000000000000000e+00 1.522600725581781805e-02 0.000000000000000000e+00 0.000000000000000000e+00 0.000000000000000000e+00 0.000000000000000000e+00
1.699999999999999956e+00 9.506647947565000437e-03 0.000000000000000000e+00 1.551636494836416275e-02 0.000000000000000000e+00 0.000000000000000000e+00 0.000000000000000000e+00 0.000000000000000000e+00
1.899999999999999911e+00 4.699690966919891667e-03 0.000000000000000000e+00 1.526443832230753132e-02 0.000000000000000000e+00 0.000000000000000000e+00 0.000000000000000000e+00 0.000000000000000000e+00
2.100000000000000089e+00 2.360839752855759498e-03 0.000000000000000000e+00 1.441488681909759706e-02 0.000000000000000000e+00 0.000000000000000000e+00 0.000000000000000000e+00 0.000000000000000000e+00
2.299999999999999822e+00 1.204498070599586534e-03 0.000000000000000000e+00 1.347470249893321231e-02 0.000000000000000000e+00 0.000000000000000000e+00 0.000000000000000000e+00 0.000000000000000000e+00
2.500000000000000000e+00 6.236635751434057694e-04 0.000000000000000000e+00 1.237762978256209435e-02 0.000000000000000000e+00 0.000000000000000000e+00 0.000000000000000000e+00 0.000000000000000000e+00
2.700000000000000178e+00 3.264719059409729542e-04 0.000000000000000000e+00 1.086972847110102142e-02 0.000000000000000000e+00 0.000000000000000000e+00 0.000000000000000000e+00 0.000000000000000000e+00
2.899999999999999911e+00 1.730863781361926623e-04 0.000000000000000000e+00 9.629164436024045814e-03 0.000000000000000000e+00 0.000000000000000000e+00 0.000000000000000000e+00 0.000000000000000000e+00
3.100000000000000089e+00 9.295257141395447020e-05 0.000000000000000000e+00 7.960762197544525576e-03 0.000000000000000000e+00 0.000000000000000000e+00 0.000000000000000000e+00 0.000000000000000000e+00
3.299999999999999822e+00 5.033730448508018444e-05 0.000000000000000000e+00 6.092153579461524228e-03 0.000000000000000000e+00 0.000000000000000000e+00 0.000000000000000000e+00 0.000000000000000000e+00
3.500000000000000000e+00 2.760448068714453990e-05 0.000000000000000000e+00 6.358967434564094003e-03 0.000000000000000000e+00 0.000000000000000000e+00 0.000000000000000000e+00 0.000000000000000000e+00
3.700000000000000178e+00 1.519418959400338844e-05 0.000000000000000000e+00 3.522439414047423556e-03 0.000000000000000000e+00 0.000000000000000000e+00 0.000000000000000000e+00 0.000000000000000000e+00
3.899999999999999911e+00 8.470536400382431514e-06 0.000000000000000000e+00 2.433378529942752371e-03 0.000000000000000000e+00 0.000000000000000000e+00 0.000000000000000000e+00 0.000000000000000000e+00
