# t 	dNdt (2to2) 	error (2to2) 	dNdt (Brems) 	error (Brems) 	 (for pT in [1,2]) 
2.5	5.58999820319e-05	1.19209218107e-06	2.99123757996e-05	1.44213594133e-06
7.5	0.00117717127259	5.88070501411e-06	0.000632811610865	6.31824816503e-06
12.5	0.00319223690662	8.33230445782e-06	0.00082798788562	6.34844516848e-06
17.5	0.00181797109682	7.87568086053e-06	0.000299711125376	3.13489662639e-06
22.5	0.00065366771084	5.24146694075e-06	9.24552072803e-05	1.70368885896e-06
27.5	0.000226051759328	3.80458617285e-06	2.79856901186e-05	8.43103550912e-07
32.5	7.8688651634e-05	2.15189732582e-06	8.99485584718e-06	4.51360257146e-07
37.5	3.73967405527e-05	2.0676141361e-06	3.53448610415e-06	2.7835230464e-07
42.5	1.67004217028e-05	1.32455797406e-06	1.36840494156e-06	1.44032198291e-07
47.5	7.7549088978e-06	8.69586883679e-07	5.89242492686e-07	1.11439063935e-07
52.5	4.67448735172e-06	5.98495364116e-07	1.99003802257e-07	6.07059890289e-08
57.5	3.2824857188e-06	5.9053295286e-07	1.25908107461e-07	5.13644045395e-08
62.5	2.03516671822e-06	4.81156681532e-07	1.27130529189e-07	4.28358922258e-08
67.5	1.22453794449e-06	4.10957388429e-07	2.71225596549e-08	1.70170405383e-08
72.5	1.83701234548e-06	5.80756144169e-07	6.50525969246e-08	2.55580136925e-08
77.5	6.32121951593e-07	2.28180595454e-07	2.15734957419e-08	1.53521417872e-08
82.5	4.95725743775e-07	1.65301759093e-07	3.9648249764e-09	3.23500022169e-09
87.5	9.13454698522e-07	3.42783623983e-07	6.32734581456e-09	6.32734581456e-09
92.5	3.34444162529e-07	1.57929065126e-07	0.0	0.0
97.5	3.00791354313e-08	1.41708911957e-08	1.01052484696e-08	7.77558387228e-09
102.5	4.40516634679e-07	2.54424387884e-07	6.80463430662e-09	3.97332935236e-09
107.5	4.49932683711e-07	2.62958657797e-07	0.0	0.0
112.5	1.00858501551e-07	5.45600092926e-08	0.0	0.0
117.5	3.76771670177e-07	2.66026724686e-07	0.0	0.0
122.5	9.34387660817e-08	5.44247743639e-08	1.03713600346e-08	8.85231996745e-09
127.5	1.38797718793e-07	1.23212256508e-07	0.0	0.0
132.5	1.63803717007e-08	1.1564736391e-08	0.0	0.0
137.5	5.55221909909e-09	3.06378602694e-09	2.70374210704e-09	2.70374210704e-09
142.5	0.0	0.0	5.39654098694e-09	5.39654098694e-09
147.5	3.74657248969e-08	3.57806776975e-08	0.0	0.0
152.5	6.88823028955e-09	5.45260992126e-09	2.75174693771e-11	2.75174693771e-11
157.5	8.51153938595e-08	6.02273485594e-08	0.0	0.0
162.5	3.45335446733e-09	3.45335446733e-09	0.0	0.0
167.5	0.0	0.0	2.96795071919e-11	2.96795071919e-11
172.5	1.53765539095e-07	1.52084311545e-07	0.0	0.0
177.5	0.0	0.0	0.0	0.0
182.5	2.59218616087e-08	2.59218616087e-08	0.0	0.0
187.5	5.35012401013e-10	5.35012401013e-10	0.0	0.0
192.5	0.0	0.0	0.0	0.0
197.5	0.0	0.0	0.0	0.0
202.5	0.0	0.0	1.42034900714e-08	1.42034900714e-08
207.5	0.0	0.0	0.0	0.0
212.5	0.0	0.0	5.1969836123e-09	5.1969836123e-09
217.5	0.0	0.0	0.0	0.0
222.5	0.0	0.0	0.0	0.0
227.5	0.0	0.0	0.0	0.0
232.5	0.0	0.0	0.0	0.0
237.5	0.0	0.0	0.0	0.0
242.5	0.0	0.0	0.0	0.0
247.5	0.0	0.0	0.0	0.0
252.5	0.0	0.0	0.0	0.0
257.5	0.0	0.0	0.0	0.0
262.5	0.0	0.0	0.0	0.0
267.5	5.92896232398e-10	5.92896232398e-10	0.0	0.0
272.5	0.0	0.0	0.0	0.0
277.5	0.0	0.0	0.0	0.0
282.5	0.0	0.0	0.0	0.0
287.5	0.0	0.0	0.0	0.0
292.5	5.07989841495e-10	5.07989841495e-10	0.0	0.0
297.5	0.0	0.0	0.0	0.0
302.5	0.0	0.0	0.0	0.0
307.5	0.0	0.0	0.0	0.0
312.5	0.0	0.0	0.0	0.0
317.5	0.0	0.0	0.0	0.0
322.5	0.0	0.0	0.0	0.0
327.5	0.0	0.0	0.0	0.0
332.5	0.0	0.0	0.0	0.0
337.5	0.0	0.0	0.0	0.0
342.5	0.0	0.0	0.0	0.0
347.5	0.0	0.0	1.27247007695e-11	1.27247007695e-11
352.5	3.80178103474e-08	3.80178103474e-08	0.0	0.0
357.5	0.0	0.0	0.0	0.0
362.5	0.0	0.0	0.0	0.0
367.5	0.0	0.0	0.0	0.0
372.5	0.0	0.0	0.0	0.0
377.5	0.0	0.0	0.0	0.0
382.5	0.0	0.0	0.0	0.0
387.5	0.0	0.0	0.0	0.0
392.5	0.0	0.0	0.0	0.0
397.5	0.0	0.0	0.0	0.0
402.5	0.0	0.0	0.0	0.0
407.5	0.0	0.0	0.0	0.0
412.5	0.0	0.0	0.0	0.0
417.5	0.0	0.0	0.0	0.0
422.5	0.0	0.0	0.0	0.0
427.5	0.0	0.0	0.0	0.0
432.5	0.0	0.0	0.0	0.0
437.5	0.0	0.0	0.0	0.0
442.5	0.0	0.0	0.0	0.0
447.5	0.0	0.0	0.0	0.0
452.5	0.0	0.0	0.0	0.0
457.5	0.0	0.0	0.0	0.0
462.5	0.0	0.0	0.0	0.0
467.5	0.0	0.0	0.0	0.0
472.5	0.0	0.0	0.0	0.0
477.5	0.0	0.0	0.0	0.0
482.5	0.0	0.0	0.0	0.0
487.5	0.0	0.0	0.0	0.0
492.5	0.0	0.0	0.0	0.0
497.5	0.0	0.0	0.0	0.0
502.5	0.0	0.0	0.0	0.0
507.5	0.0	0.0	0.0	0.0
512.5	0.0	0.0	0.0	0.0
517.5	0.0	0.0	0.0	0.0
522.5	0.0	0.0	0.0	0.0
527.5	0.0	0.0	0.0	0.0
532.5	0.0	0.0	0.0	0.0
537.5	0.0	0.0	0.0	0.0
542.5	0.0	0.0	0.0	0.0
547.5	0.0	0.0	0.0	0.0
552.5	0.0	0.0	0.0	0.0
557.5	0.0	0.0	0.0	0.0
562.5	0.0	0.0	0.0	0.0
567.5	0.0	0.0	0.0	0.0
572.5	0.0	0.0	0.0	0.0
577.5	0.0	0.0	0.0	0.0
582.5	0.0	0.0	0.0	0.0
587.5	0.0	0.0	0.0	0.0
592.5	0.0	0.0	0.0	0.0
597.5	0.0	0.0	0.0	0.0
602.5	0.0	0.0	0.0	0.0
607.5	0.0	0.0	0.0	0.0
612.5	0.0	0.0	0.0	0.0
617.5	0.0	0.0	0.0	0.0
622.5	0.0	0.0	0.0	0.0
627.5	0.0	0.0	0.0	0.0
632.5	0.0	0.0	0.0	0.0
637.5	0.0	0.0	0.0	0.0
642.5	0.0	0.0	0.0	0.0
647.5	0.0	0.0	0.0	0.0
652.5	0.0	0.0	0.0	0.0
657.5	0.0	0.0	0.0	0.0
662.5	0.0	0.0	0.0	0.0
667.5	0.0	0.0	0.0	0.0
672.5	0.0	0.0	0.0	0.0
677.5	0.0	0.0	0.0	0.0
682.5	0.0	0.0	0.0	0.0
687.5	0.0	0.0	0.0	0.0
692.5	0.0	0.0	0.0	0.0
697.5	0.0	0.0	0.0	0.0
702.5	0.0	0.0	0.0	0.0
707.5	0.0	0.0	0.0	0.0
712.5	0.0	0.0	0.0	0.0
717.5	0.0	0.0	0.0	0.0
722.5	0.0	0.0	0.0	0.0
727.5	0.0	0.0	0.0	0.0
732.5	0.0	0.0	0.0	0.0
737.5	0.0	0.0	0.0	0.0
742.5	0.0	0.0	0.0	0.0
747.5	0.0	0.0	0.0	0.0
752.5	0.0	0.0	0.0	0.0
757.5	0.0	0.0	0.0	0.0
762.5	0.0	0.0	0.0	0.0
767.5	0.0	0.0	0.0	0.0
772.5	0.0	0.0	0.0	0.0
777.5	0.0	0.0	0.0	0.0
782.5	0.0	0.0	0.0	0.0
787.5	0.0	0.0	0.0	0.0
792.5	0.0	0.0	0.0	0.0
797.5	0.0	0.0	0.0	0.0
802.5	0.0	0.0	0.0	0.0
807.5	0.0	0.0	0.0	0.0
812.5	0.0	0.0	0.0	0.0
817.5	0.0	0.0	0.0	0.0
822.5	0.0	0.0	0.0	0.0
827.5	0.0	0.0	0.0	0.0
832.5	0.0	0.0	0.0	0.0
837.5	0.0	0.0	0.0	0.0
842.5	0.0	0.0	0.0	0.0
847.5	0.0	0.0	0.0	0.0
852.5	0.0	0.0	0.0	0.0
857.5	0.0	0.0	0.0	0.0
862.5	0.0	0.0	0.0	0.0
867.5	0.0	0.0	0.0	0.0
872.5	0.0	0.0	0.0	0.0
877.5	0.0	0.0	0.0	0.0
882.5	0.0	0.0	0.0	0.0
887.5	0.0	0.0	0.0	0.0
892.5	0.0	0.0	0.0	0.0
897.5	0.0	0.0	0.0	0.0
902.5	0.0	0.0	0.0	0.0
907.5	0.0	0.0	0.0	0.0
912.5	0.0	0.0	0.0	0.0
917.5	0.0	0.0	0.0	0.0
922.5	0.0	0.0	0.0	0.0
927.5	0.0	0.0	0.0	0.0
932.5	0.0	0.0	0.0	0.0
937.5	0.0	0.0	0.0	0.0
942.5	0.0	0.0	0.0	0.0
947.5	0.0	0.0	9.23991588839e-09	9.23991588839e-09
952.5	0.0	0.0	0.0	0.0
957.5	0.0	0.0	0.0	0.0
962.5	0.0	0.0	0.0	0.0
967.5	0.0	0.0	0.0	0.0
972.5	0.0	0.0	0.0	0.0
977.5	0.0	0.0	0.0	0.0
982.5	0.0	0.0	0.0	0.0
987.5	0.0	0.0	0.0	0.0
992.5	0.0	0.0	0.0	0.0
997.5	0.0	0.0	0.0	0.0
