# t 	dNdt (2to2) 	error (2to2) 	dNdt (Brems) 	error (Brems) 	 (for pT in [0,1]) 
2.5	0.000240095990388	5.94625318512e-06	0.00731085379592	6.12881668573e-05
7.5	0.00477928060048	2.68032920689e-05	0.131931892499	0.000269384057325
12.5	0.0231733495297	6.69790571414e-05	0.435391526746	0.000458480891604
17.5	0.0262170913877	8.09163635901e-05	0.384459177006	0.000417468816712
22.5	0.0171665677616	6.22862641675e-05	0.236782137827	0.000315607250702
27.5	0.0104550431227	5.13763545656e-05	0.142832290784	0.00021932638619
32.5	0.0068280263776	3.90162036283e-05	0.0930763708809	0.00018132354674
37.5	0.0047090050965	3.90876214802e-05	0.0651262791051	0.000145727277076
42.5	0.00317313049897	2.82867193812e-05	0.04521885251	0.000105032201667
47.5	0.00247194392397	2.5936307956e-05	0.0359906679474	0.000112167633923
52.5	0.00176606379646	2.07223512636e-05	0.0258404807474	8.47553947285e-05
57.5	0.00138806757478	2.05428791666e-05	0.0221564435862	8.71452294658e-05
62.5	0.0010650882623	1.70951103048e-05	0.0155283148185	5.87919284506e-05
67.5	0.000802160223862	1.57658654732e-05	0.0126711433157	5.94358418073e-05
72.5	0.000637744826527	1.42269515824e-05	0.00995984850978	4.98055573074e-05
77.5	0.000456170202391	1.09686087853e-05	0.0066893346128	3.71215175317e-05
82.5	0.000332800713442	9.89245940254e-06	0.00458458843594	3.09456033393e-05
87.5	0.000234552729843	8.31136341428e-06	0.00327013173831	2.24378855778e-05
92.5	0.000161266117376	6.57675714418e-06	0.00230336404308	2.01173311817e-05
97.5	0.000111500588076	5.70595771608e-06	0.00162224755263	1.59154953963e-05
102.5	8.03553983004e-05	4.71206949925e-06	0.0011449410254	1.25144662658e-05
107.5	5.63440059199e-05	4.99986767732e-06	0.000833426854334	1.17484746169e-05
112.5	4.74523783302e-05	3.93723113454e-06	0.000604697667037	8.87812843418e-06
117.5	3.3546633156e-05	3.03128526181e-06	0.000454460481915	7.14293149918e-06
122.5	2.45859681022e-05	3.02888558225e-06	0.000342890489784	5.61144851796e-06
127.5	1.90231207855e-05	2.37588847328e-06	0.000258980330689	4.27827151683e-06
132.5	1.31993133908e-05	1.88530472418e-06	0.000193711590759	4.10735465801e-06
137.5	1.20484898954e-05	2.05271118808e-06	0.000149312574581	3.34074351907e-06
142.5	8.2747937053e-06	1.32415940734e-06	0.000118275509255	2.78787386088e-06
147.5	8.42087118614e-06	1.704914531e-06	9.72027655477e-05	2.62328158508e-06
152.5	5.11917881987e-06	1.08812021928e-06	8.00968653515e-05	2.28973967812e-06
157.5	3.70695450803e-06	9.71326496719e-07	6.68064912315e-05	2.23307036545e-06
162.5	3.82225684656e-06	1.11942742315e-06	5.11174552456e-05	1.60356635498e-06
167.5	2.06447576589e-06	5.79727736251e-07	4.45900231586e-05	1.76592651392e-06
172.5	2.34976375303e-06	7.28817572753e-07	3.80865523079e-05	1.49075142093e-06
177.5	8.62942057263e-07	3.25379341314e-07	3.19201749508e-05	1.44324190175e-06
182.5	2.30524482013e-06	7.8440619678e-07	2.89215025821e-05	1.17213604994e-06
187.5	1.05420104227e-06	4.27546165507e-07	2.53918574025e-05	1.30406947285e-06
192.5	1.68271642088e-06	8.08319475496e-07	2.09460117589e-05	8.58834962209e-07
197.5	1.23254122591e-06	5.37170860914e-07	1.82368395764e-05	8.06738891906e-07
202.5	1.36605530815e-06	5.40500661816e-07	1.58927767362e-05	7.29703815958e-07
207.5	4.01023822528e-07	2.10093986197e-07	1.40071354251e-05	6.33499962403e-07
212.5	4.1785657958e-07	3.06242859012e-07	1.33153221836e-05	7.52941227007e-07
217.5	5.37148037457e-07	3.63155453651e-07	1.19207726378e-05	6.98300187878e-07
222.5	1.78857544098e-07	1.10050667349e-07	1.08369397758e-05	6.13720504309e-07
227.5	2.02280523693e-07	1.1813200064e-07	1.14095678451e-05	6.41755949329e-07
232.5	3.53202888301e-07	2.38256335979e-07	9.96576581917e-06	7.00725078832e-07
237.5	1.61279594833e-07	1.18365789274e-07	8.58115897664e-06	5.1226808445e-07
242.5	3.10989920687e-07	3.08442137376e-07	8.98621190738e-06	5.8802300567e-07
247.5	7.03607939625e-07	4.67138276298e-07	7.26564081914e-06	4.85169851505e-07
252.5	9.18545285059e-07	6.32759485472e-07	7.18951293676e-06	5.13147423624e-07
257.5	2.73868989044e-08	1.88580331509e-08	6.47650835564e-06	5.11582205207e-07
262.5	9.02263791852e-10	9.02263791852e-10	5.57408557862e-06	4.29825671993e-07
267.5	6.9177003641e-07	6.89674799287e-07	4.98010285067e-06	4.21683675463e-07
272.5	1.62185977389e-09	1.62185977389e-09	4.80481832974e-06	3.78722689699e-07
277.5	5.35509140306e-08	3.2372310864e-08	4.9194667989e-06	4.10280587891e-07
282.5	4.97611757324e-07	4.96646389883e-07	4.54282175829e-06	4.16341705097e-07
287.5	1.15928913166e-08	6.06101378609e-09	4.10206686109e-06	4.93244821653e-07
292.5	3.4900634082e-07	2.19834128884e-07	4.55093282291e-06	4.83703988587e-07
297.5	1.68671911818e-08	1.4484308222e-08	4.25323598972e-06	5.10504451304e-07
302.5	1.3612318272e-08	9.93174794921e-09	3.20218550939e-06	3.15956334929e-07
307.5	0.0	0.0	3.07182667298e-06	3.5553587058e-07
312.5	1.24956363382e-08	1.24956363382e-08	3.63457378253e-06	4.42117082794e-07
317.5	3.43953898968e-08	3.43953898968e-08	2.38398866321e-06	2.57798205259e-07
322.5	8.99086433314e-08	8.8814330812e-08	2.84803649407e-06	3.46739067416e-07
327.5	0.0	0.0	2.67388269592e-06	3.24593343118e-07
332.5	2.48332293895e-09	2.35387815001e-09	2.24459722414e-06	2.73215230515e-07
337.5	0.0	0.0	2.26181802954e-06	3.10601397864e-07
342.5	1.23392653693e-09	1.23387811153e-09	2.91865486901e-06	5.41536421248e-07
347.5	0.0	0.0	2.7380525706e-06	4.12435804085e-07
352.5	1.36468073107e-07	1.17442975004e-07	1.93153286051e-06	4.23204643324e-07
357.5	8.26699836779e-10	8.26699836779e-10	1.69486013402e-06	2.32867341075e-07
362.5	7.52532439584e-09	4.86177452889e-09	1.94516447265e-06	2.68769947714e-07
367.5	9.89683285046e-09	7.94481522563e-09	1.46172102777e-06	1.78251659101e-07
372.5	2.37312640967e-11	2.37312640967e-11	1.46182271804e-06	2.06959709842e-07
377.5	4.34543594824e-09	4.34543594824e-09	1.42310204334e-06	2.07125928608e-07
382.5	1.89888473314e-08	1.88448476328e-08	1.72264532146e-06	3.09294805272e-07
387.5	1.09233743921e-08	1.09233743921e-08	1.40504142639e-06	2.00505460285e-07
392.5	3.29947514185e-09	3.29947514185e-09	1.01447824911e-06	1.50466214406e-07
397.5	1.38568113166e-08	1.38331139973e-08	1.21020358826e-06	1.69620599328e-07
402.5	0.0	0.0	8.99576120496e-07	1.38038782816e-07
407.5	7.69184830799e-07	7.69184830799e-07	1.01879042885e-06	1.4983468135e-07
412.5	1.9221850696e-09	1.9221850696e-09	1.25119226534e-06	2.12229178147e-07
417.5	4.14653862063e-09	4.14653862063e-09	9.36187860039e-07	1.72756596921e-07
422.5	0.0	0.0	9.71195804432e-07	1.39924902882e-07
427.5	5.96896324583e-09	5.96896324583e-09	1.00801129103e-06	2.12113736669e-07
432.5	0.0	0.0	7.96014619441e-07	1.29059646012e-07
437.5	0.0	0.0	9.39972551905e-07	1.35069125183e-07
442.5	3.52036889287e-09	3.52036889287e-09	9.61416738044e-07	1.53009389375e-07
447.5	0.0	0.0	6.90416515664e-07	1.18184905929e-07
452.5	0.0	0.0	7.25549955933e-07	1.55664880375e-07
457.5	0.0	0.0	6.16463784914e-07	1.3016904952e-07
462.5	0.0	0.0	6.21229956085e-07	1.44323535932e-07
467.5	3.44609071146e-09	3.44609071146e-09	1.08829748079e-06	2.44372394968e-07
472.5	0.0	0.0	4.0036431427e-07	7.68700335948e-08
477.5	0.0	0.0	8.26179540775e-07	1.44465931417e-07
482.5	0.0	0.0	8.59153643735e-07	1.84640277532e-07
487.5	0.0	0.0	4.55683333444e-07	9.44100707921e-08
492.5	0.0	0.0	5.80977650555e-07	1.07319270308e-07
497.5	0.0	0.0	4.39685797722e-07	7.72911751719e-08
502.5	0.0	0.0	5.5466235243e-07	1.10299833756e-07
507.5	0.0	0.0	4.65763398241e-07	9.77438250226e-08
512.5	0.0	0.0	6.99890156229e-07	1.35245029847e-07
517.5	0.0	0.0	6.12649294913e-07	1.3751709772e-07
522.5	0.0	0.0	4.74302196822e-07	1.34051499948e-07
527.5	3.01209642066e-11	3.01209642066e-11	5.52287624284e-07	1.29048747847e-07
532.5	0.0	0.0	4.16432499563e-07	1.07206978779e-07
537.5	0.0	0.0	2.92109330839e-07	5.33844295786e-08
542.5	0.0	0.0	5.38073448277e-07	1.21601584955e-07
547.5	0.0	0.0	4.69023054708e-07	1.02601391902e-07
552.5	0.0	0.0	4.81776405944e-07	1.58171897981e-07
557.5	0.0	0.0	6.85580467761e-07	1.82806832534e-07
562.5	0.0	0.0	4.51582513656e-07	1.71583499468e-07
567.5	5.00817196812e-07	4.99497007264e-07	2.45919914863e-07	6.37923059108e-08
572.5	0.0	0.0	4.76228958817e-07	1.57316057849e-07
577.5	0.0	0.0	4.6322215651e-07	1.2461373063e-07
582.5	4.97535939538e-09	4.97535939538e-09	3.21722028707e-07	8.78679316341e-08
587.5	0.0	0.0	3.27757174554e-07	9.60977554281e-08
592.5	0.0	0.0	4.95353527199e-07	2.08264723604e-07
597.5	0.0	0.0	2.64181617636e-07	7.50871855223e-08
602.5	0.0	0.0	2.70487735774e-07	6.77318208096e-08
607.5	0.0	0.0	3.30967655411e-07	9.85035168114e-08
612.5	0.0	0.0	2.45858604395e-07	6.60253050797e-08
617.5	0.0	0.0	2.11190966306e-07	3.8247677525e-08
622.5	0.0	0.0	4.96290974569e-07	1.4156325599e-07
627.5	0.0	0.0	2.14476028902e-07	1.23711094504e-07
632.5	0.0	0.0	1.71501884039e-07	7.13095786434e-08
637.5	0.0	0.0	2.12710858432e-07	4.76919921278e-08
642.5	0.0	0.0	1.78879300202e-07	5.98197724518e-08
647.5	0.0	0.0	1.65411572153e-07	5.64960112678e-08
652.5	0.0	0.0	1.21979609404e-07	3.70133605327e-08
657.5	0.0	0.0	3.5686827929e-07	1.08128913644e-07
662.5	0.0	0.0	4.93257399227e-07	2.09553368461e-07
667.5	0.0	0.0	3.08694237312e-07	9.08983993429e-08
672.5	0.0	0.0	2.52841318571e-07	1.03935521212e-07
677.5	0.0	0.0	6.85349967715e-08	2.31022784257e-08
682.5	0.0	0.0	2.18980542455e-07	7.90314549435e-08
687.5	1.7574209968e-09	1.7574209968e-09	1.4426621808e-07	5.38600118284e-08
692.5	0.0	0.0	2.55777715393e-07	1.0250702036e-07
697.5	0.0	0.0	1.09526480962e-07	3.89966925056e-08
702.5	0.0	0.0	7.80364420543e-08	2.5240395611e-08
707.5	0.0	0.0	2.11811469687e-07	6.55033952744e-08
712.5	0.0	0.0	1.42746872806e-07	4.7003936254e-08
717.5	0.0	0.0	1.92729058398e-07	1.00406769148e-07
722.5	0.0	0.0	2.09749039846e-07	9.15942363882e-08
727.5	0.0	0.0	2.78813012553e-07	1.57385232231e-07
732.5	0.0	0.0	1.94723894442e-07	1.2009542983e-07
737.5	0.0	0.0	1.93250544683e-07	5.24903468615e-08
742.5	1.20695563869e-09	1.20695563869e-09	4.76388283094e-08	2.01687101137e-08
747.5	0.0	0.0	1.12203106941e-07	4.27553410324e-08
752.5	0.0	0.0	2.14327998897e-07	1.12184765773e-07
757.5	0.0	0.0	4.48526883666e-08	2.07046651034e-08
762.5	0.0	0.0	1.04312295996e-07	3.6975826404e-08
767.5	0.0	0.0	3.33166142857e-07	1.65263138632e-07
772.5	0.0	0.0	5.02427763967e-08	1.57063963731e-08
777.5	0.0	0.0	1.82567974097e-07	6.76615610446e-08
782.5	0.0	0.0	1.26854196168e-07	6.43458639328e-08
787.5	0.0	0.0	8.64185215872e-08	3.29810832131e-08
792.5	0.0	0.0	2.26957859029e-07	8.90744703966e-08
797.5	0.0	0.0	1.18248512312e-07	5.3632585149e-08
802.5	0.0	0.0	1.69076907923e-07	6.48808860482e-08
807.5	0.0	0.0	7.52008689106e-08	3.64562284746e-08
812.5	0.0	0.0	1.40388231674e-07	4.91320313288e-08
817.5	0.0	0.0	6.71025095734e-08	4.21133866109e-08
822.5	0.0	0.0	9.41782815776e-08	3.67526790379e-08
827.5	0.0	0.0	1.52748973495e-07	6.64705139118e-08
832.5	0.0	0.0	1.02966033155e-07	6.01080198499e-08
837.5	7.83938690208e-10	7.83938690208e-10	9.19152367836e-08	5.89229514421e-08
842.5	0.0	0.0	3.48521126376e-08	1.54809149491e-08
847.5	0.0	0.0	7.1618510378e-08	3.25784046684e-08
852.5	0.0	0.0	5.52446268302e-08	2.07952078363e-08
857.5	0.0	0.0	1.78830964129e-07	9.29749262772e-08
862.5	0.0	0.0	3.09713881673e-08	2.02714204327e-08
867.5	0.0	0.0	8.58237996037e-08	3.06156980366e-08
872.5	0.0	0.0	1.30965092065e-08	9.33422047296e-09
877.5	0.0	0.0	2.22232343571e-07	8.67661691543e-08
882.5	0.0	0.0	1.22872807742e-08	5.23407150621e-09
887.5	0.0	0.0	6.15120149278e-08	2.59753869944e-08
892.5	0.0	0.0	4.1054289898e-08	1.84534049123e-08
897.5	0.0	0.0	1.54549769916e-07	5.53191313723e-08
902.5	0.0	0.0	5.29916678209e-08	2.66505042781e-08
907.5	0.0	0.0	1.87141703356e-07	8.79795574036e-08
912.5	0.0	0.0	8.81165835914e-08	3.92367050427e-08
917.5	0.0	0.0	3.25877708396e-07	2.27788369585e-07
922.5	0.0	0.0	7.22513195281e-08	4.42058500981e-08
927.5	0.0	0.0	1.33441291544e-08	9.34688040919e-09
932.5	0.0	0.0	6.1514075599e-08	4.86676489599e-08
937.5	0.0	0.0	1.41464031075e-08	6.15111722482e-09
942.5	0.0	0.0	2.04827741525e-08	1.31313697719e-08
947.5	0.0	0.0	1.90006975849e-07	1.58778947328e-07
952.5	0.0	0.0	2.58646450805e-08	1.48339006042e-08
957.5	0.0	0.0	1.15126341132e-07	6.00559954929e-08
962.5	0.0	0.0	3.16676895665e-09	1.76091468963e-09
967.5	0.0	0.0	1.63515172299e-07	1.30336590962e-07
972.5	0.0	0.0	5.35257559412e-08	2.6823005234e-08
977.5	0.0	0.0	2.84280258013e-08	1.55960576533e-08
982.5	0.0	0.0	1.21694678712e-07	6.46011930481e-08
987.5	0.0	0.0	1.14359406877e-08	6.22034461633e-09
992.5	0.0	0.0	2.50534362117e-08	1.43331291119e-08
997.5	0.0	0.0	4.25278292218e-08	2.06416447838e-08
