#pt	yield	yield*vn_cos[1]	 yield*vn_sin[1]	yield*vn_cos[2]	 yield*vn_sin[2]	yield*vn_cos[3]	 yield*vn_sin[3]	yield*vn_cos[4]	 yield*vn_sin[4]	yield*vn_cos[5]	 yield*vn_sin[5]	yield*vn_cos[6]	 yield*vn_sin[6]
2.0000000000e-01	1.5532707684e-01	-2.0209460921e-03	5.0384240622e-03	2.3835625634e-03	4.5955969139e-03	4.9282855810e-04	5.2324109327e-03	-8.9797528506e-05	7.2409472507e-04	4.0059143310e-05	-8.0626854126e-05	-5.4586209069e-05	2.5001243674e-05
4.0000000000e-01	1.9072441150e-02	-2.3375582227e-04	8.2709487306e-04	4.4051983783e-04	8.5095306566e-04	1.1736824621e-04	1.2057830940e-03	-2.7049289465e-05	2.1158239752e-04	1.4390174737e-05	-2.8681717149e-05	-2.3560391050e-05	1.0826985728e-05
6.0000000000e-01	4.3816922814e-03	-4.7519119235e-05	2.1776279511e-04	1.1926070168e-04	2.3060325821e-04	3.5634306191e-05	3.4639471147e-04	-9.2924628977e-06	6.8395510803e-05	5.3097293247e-06	-1.0294846177e-05	-9.8987248230e-06	4.5466136261e-06
8.0000000000e-01	1.3913885636e-03	-1.4110147078e-05	7.4785008378e-05	4.2418545302e-05	8.1720327593e-05	1.3228121725e-05	1.2543130019e-04	-3.6844086897e-06	2.5279717297e-05	2.0384455416e-06	-3.6350810166e-06	-4.0829692466e-06	1.8450616939e-06
1.0000000000e+00	5.3573157386e-04	-4.9867886311e-06	3.1260941228e-05	1.8214222119e-05	3.5008471716e-05	5.8297909436e-06	5.6260529418e-05	-1.6406610843e-06	1.1369881887e-05	8.9837317961e-07	-1.5272926995e-06	-1.7558693239e-06	7.7413074355e-07
1.2000000000e+00	2.3025317181e-04	-1.6918034099e-06	1.4873193509e-05	8.7389312593e-06	1.6837223355e-05	2.9450204858e-06	2.8670124652e-05	-8.2999645096e-07	6.0399311704e-06	4.8107431680e-07	-8.6034042946e-07	-8.9859560816e-07	3.9644314243e-07
1.4000000000e+00	1.0503736485e-04	-4.0233469032e-07	7.5725633658e-06	4.4352617741e-06	8.5810816012e-06	1.6192720226e-06	1.5364029562e-05	-4.7433198957e-07	3.4789305203e-06	2.9235769071e-07	-5.5268582445e-07	-5.5424400376e-07	2.4987001253e-07
1.6000000000e+00	4.9464607252e-05	5.9511780306e-08	3.9651868326e-06	2.3084092336e-06	4.4765390363e-06	9.2426397341e-07	8.3234053253e-06	-2.9201765064e-07	2.0428932187e-06	1.8441674893e-07	-3.4886216372e-07	-3.7205127626e-07	1.6992253223e-07
1.8000000000e+00	2.3701802225e-05	1.7837967974e-07	2.0926335282e-06	1.2132967162e-06	2.3497045270e-06	5.3185504443e-07	4.4912156156e-06	-1.8391440303e-07	1.1907351526e-06	1.1541164056e-07	-2.0713856901e-07	-2.5041554478e-07	1.1390816903e-07
2.0000000000e+00	1.1471392461e-05	1.7075675289e-07	1.1033989803e-06	6.3951811558e-07	1.2318513749e-06	3.0427745296e-07	2.4040480619e-06	-1.1491119161e-07	6.8346418955e-07	7.0692428789e-08	-1.1557574841e-07	-1.6379370383e-07	7.3253735580e-08
2.2000000000e+00	5.5871485767e-06	1.2884063645e-07	5.7945257281e-07	3.3706344305e-07	6.4335748010e-07	1.7219038052e-07	1.2765335674e-06	-7.0356114019e-08	3.8613279807e-07	4.2342910502e-08	-6.1066000240e-08	-1.0356770660e-07	4.5171615402e-08
2.4000000000e+00	2.7333388014e-06	8.7114349013e-08	3.0287846851e-07	1.7746011672e-07	3.3457537340e-07	9.6295923652e-08	6.7323799716e-07	-4.2102820142e-08	2.1513012538e-07	2.4870671943e-08	-3.0755247599e-08	-6.3517976488e-08	2.6884208874e-08
2.6000000000e+00	1.3418986886e-06	5.5254018509e-08	1.5763189769e-07	9.3311995025e-08	1.7332394909e-07	5.3260990461e-08	3.5317344665e-07	-2.4660907560e-08	1.1847852763e-07	1.4372417270e-08	-1.4811222748e-08	-3.7980833161e-08	1.5553013490e-08
2.8000000000e+00	6.6079618920e-07	3.3609822444e-08	8.1744094445e-08	4.9010294258e-08	8.9505699682e-08	2.9174537461e-08	1.8453274733e-07	-1.4176914948e-08	6.4641591400e-08	8.1953464294e-09	-6.8114674066e-09	-2.2250990793e-08	8.7990137724e-09
3.0000000000e+00	3.2631591722e-07	1.9853318150e-08	4.2271002942e-08	2.5719702379e-08	4.6109935477e-08	1.5849554360e-08	9.6142301515e-08	-8.0219576305e-09	3.5005218116e-08	4.6217611310e-09	-2.9684783387e-09	-1.2823961690e-08	4.8912433512e-09
3.2000000000e+00	1.6157873186e-07	1.1478119084e-08	2.1812981484e-08	1.3489513634e-08	2.3713228992e-08	8.5511710426e-09	4.9992745514e-08	-4.4796871888e-09	1.8843839231e-08	2.5825106430e-09	-1.2026650303e-09	-7.2945369375e-09	2.6813868117e-09
3.4000000000e+00	8.0219736609e-08	6.5292201209e-09	1.1239448006e-08	7.0727910414e-09	1.2181497937e-08	4.5869953990e-09	2.5963598241e-08	-2.4743857490e-09	1.0096244227e-08	1.4318082367e-09	-4.3211189536e-10	-4.1057636121e-09	1.4536809459e-09
3.6000000000e+00	3.9931461889e-08	3.6678419644e-09	5.7857447504e-09	3.7080504514e-09	6.2538215656e-09	2.4487649605e-09	1.3475186200e-08	-1.3544552443e-09	5.3893545824e-09	7.8853182118e-10	-1.1842345668e-10	-2.2913557440e-09	7.8104410745e-10
3.8000000000e+00	1.9928502889e-08	2.0402735504e-09	2.9767595514e-09	1.9441943143e-09	3.2100229076e-09	1.3020636415e-09	6.9921199564e-09	-7.3590895490e-10	2.8684542711e-09	4.3174415512e-10	-4.3230695863e-12	-1.2699624082e-09	4.1657203807e-10
4.0000000000e+00	9.9712032701e-09	1.1260857535e-09	1.5312604169e-09	1.0196149320e-09	1.6479304651e-09	6.9003657803e-10	3.6285769438e-09	-3.9738622957e-10	1.5232589291e-09	2.3518610584e-10	2.8173437849e-11	-6.9991352629e-10	2.2083018641e-10
