#pt	yield	yield*vn_cos[1]	 yield*vn_sin[1]	yield*vn_cos[2]	 yield*vn_sin[2]	yield*vn_cos[3]	 yield*vn_sin[3]	yield*vn_cos[4]	 yield*vn_sin[4]	yield*vn_cos[5]	 yield*vn_sin[5]	yield*vn_cos[6]	 yield*vn_sin[6]
2.0000000000e-01	4.7585508438e-05	-1.3780713874e-09	-3.4111102044e-09	6.3176366991e-09	9.7249256200e-09	1.4617536784e-09	2.3631540064e-08	2.6161098996e-09	-1.8664614867e-09	3.1146516283e-09	-6.9943676216e-11	-1.0836173798e-09	4.3035185544e-10
4.0000000000e-01	5.1072331512e-05	1.1556563232e-09	8.7914456464e-10	-1.1226180707e-08	-4.1342760418e-08	-3.9991283680e-10	-2.7322408121e-09	-9.5598338195e-10	6.0086238349e-11	2.6017263349e-10	7.9696545596e-11	9.7390005751e-10	-4.5487488291e-10
6.0000000000e-01	2.8659229129e-05	-1.8319754323e-09	3.7007886955e-09	4.6162738146e-10	3.2692849262e-09	-6.0039214857e-10	-1.2281872116e-08	7.0652113301e-10	-1.6919001664e-10	-3.8424091052e-10	-4.6767261663e-11	-6.4682690130e-11	-2.6795670022e-10
8.0000000000e-01	1.1440696444e-05	-1.3461828501e-09	2.9074777363e-09	8.3226214479e-09	3.0316062092e-08	9.3898364702e-11	2.3719174080e-09	1.8499942137e-10	-2.3634816879e-10	1.7539674579e-10	-7.8278134949e-12	-4.7924486741e-11	2.0209816835e-11
1.0000000000e+00	3.9124951760e-06	-2.9135666412e-10	1.7268986050e-09	6.4233189309e-09	2.3954926230e-08	3.2126723064e-10	7.4217091196e-09	-5.5208113272e-11	1.2856476951e-10	4.4281047852e-11	-2.4168505310e-12	-4.1198797501e-12	3.9812600850e-12
1.2000000000e+00	1.2427359727e-06	8.3834532867e-11	9.0659264010e-10	3.1663924494e-09	1.2589265334e-08	2.6125031813e-10	5.6401296910e-09	-8.2614340950e-11	2.2564618258e-10	-4.8555703361e-11	5.3593377089e-12	2.9596346800e-13	-1.4087161457e-14
1.4000000000e+00	3.8082675819e-07	1.2550801902e-10	4.3369777041e-10	1.2621853261e-09	5.5021538160e-09	1.4741669583e-10	3.0149929939e-09	-5.3856206197e-11	1.6590116633e-10	-6.1086952089e-11	7.3084325063e-12	2.8861093913e-12	-2.0858749314e-12
1.6000000000e+00	1.1478774339e-07	8.3425733745e-11	1.9375877045e-10	4.4146093233e-10	2.1734481100e-09	6.9170274151e-11	1.3551294095e-09	-2.6422932031e-11	9.1363501522e-11	-4.3062032399e-11	5.3420955419e-12	2.8646461592e-12	-2.0640670261e-12
1.8000000000e+00	3.4388457919e-08	4.3766713359e-11	8.2264417352e-11	1.4006481150e-10	8.0799656799e-10	2.9109238414e-11	5.4993177192e-10	-1.0984682445e-11	4.3267931165e-11	-2.4089550696e-11	3.0663567450e-12	1.8519059524e-12	-1.2973607069e-12
2.0000000000e+00	1.0299434880e-08	2.0380635463e-11	3.3613338711e-11	4.0617338565e-11	2.8907582268e-10	1.1402296409e-11	2.0893770618e-10	-4.0662326316e-12	1.8660223093e-11	-1.1801117356e-11	1.5465414118e-12	1.0010478450e-12	-6.9649467803e-13
2.2000000000e+00	3.0941011201e-09	8.8305355052e-12	1.3340481639e-11	1.0587054916e-11	1.0087469222e-10	4.2484917877e-12	7.5880281576e-11	-1.3661520363e-12	7.5643532857e-12	-5.3174002787e-12	7.1972429120e-13	4.8311854329e-13	-3.3292911588e-13
2.4000000000e+00	9.3407999348e-10	3.6482755548e-12	5.1771841386e-12	2.3160710390e-12	3.4623847471e-11	1.5257445296e-12	2.6682322889e-11	-4.1603864980e-13	2.9355898659e-12	-2.2614391087e-12	3.1690484097e-13	2.1632580555e-13	-1.4824214571e-13
2.6000000000e+00	2.8365908057e-10	1.4577730099e-12	1.9747237065e-12	3.1152687322e-13	1.1754491723e-11	5.3265414079e-13	9.1605878675e-12	-1.1146225656e-13	1.1036230726e-12	-9.2249549331e-13	1.3426999879e-13	9.1706792242e-14	-6.2726389636e-14
2.8000000000e+00	8.6691410330e-11	5.6844697467e-13	7.4308347651e-13	-6.3838162467e-14	3.9616685470e-12	1.8177992652e-13	3.0877865636e-12	-2.3558390100e-14	4.0523337144e-13	-3.6481972630e-13	5.5311104502e-14	3.7279503064e-14	-2.5629296883e-14
3.0000000000e+00	2.6667030640e-11	2.1760692991e-13	2.7666585222e-13	-8.0837306116e-14	1.3289709654e-12	6.0868248655e-14	1.0256979010e-12	-1.7807610799e-15	1.4605477755e-13	-1.4086924498e-13	2.2303606300e-14	1.4666596497e-14	-1.0188040827e-14
3.2000000000e+00	8.2551195791e-12	8.2124757632e-14	1.0213422990e-13	-4.7858534099e-14	4.4448193618e-13	2.0049874969e-14	3.3671616225e-13	1.8367421670e-15	5.1945645622e-14	-5.3397109147e-14	8.8539712673e-15	5.6240222375e-15	-3.9899328421e-15
3.4000000000e+00	2.5698020208e-12	3.0644148590e-14	3.7463377801e-14	-2.3245800525e-14	1.4842252726e-13	6.4963401166e-15	1.0934103965e-13	1.6410146651e-15	1.8229655304e-14	-1.9938226570e-14	3.4721967355e-15	2.1014334235e-15	-1.5228922852e-15
3.6000000000e+00	8.0341792004e-13	1.1326746171e-14	1.3662540385e-14	-1.0260246215e-14	4.9533411417e-14	2.0665214991e-15	3.5161808001e-14	8.7062450929e-16	6.3709977520e-15	-7.3607255378e-15	1.3422741201e-15	7.8079251248e-16	-5.8898864985e-16
3.8000000000e+00	2.5099864674e-13	4.1639181726e-15	4.9728650713e-15	-4.2638243348e-15	1.6560830110e-14	6.4813952697e-16	1.1113404270e-14	4.4849234238e-16	2.1733168181e-15	-2.6990924317e-15	5.1945332491e-16	2.9245585529e-16	-2.1586809179e-16
4.0000000000e+00	7.7530984450e-14	1.5114161654e-15	1.8028666130e-15	-1.6847056949e-15	5.5504185207e-15	2.0561727691e-16	3.6393697478e-15	2.4122001711e-16	7.2291537203e-16	-9.5246019609e-16	1.9444134857e-16	8.6992970859e-17	-7.5668166484e-17
