# t 	dNdt (2to2) 	error (2to2) 	dNdt (Brems) 	error (Brems) 	 (for pT in [0,1]) 
2.5	0.000245438491768	2.69253367704e-06	0.0106788845319	4.48693186601e-05
7.5	0.00484609970311	1.28129906648e-05	0.194952650897	0.000194606279911
12.5	0.0232899401234	3.1045910185e-05	0.650865950265	0.00032857427129
17.5	0.026313572461	3.45347281192e-05	0.545700841998	0.000292730546557
22.5	0.0171811692362	3.0181479727e-05	0.306031220976	0.000200189226316
27.5	0.0104958127002	2.49572562066e-05	0.169574391134	0.00013649247586
32.5	0.00672994783188	1.92751048494e-05	0.102325418026	0.00010240539944
37.5	0.00458089600221	1.60970205626e-05	0.0674480694029	7.79245021633e-05
42.5	0.00314788943637	1.2787591271e-05	0.0442571739968	6.35120431518e-05
47.5	0.00238943454197	1.09332746315e-05	0.0338164318308	4.94662703979e-05
52.5	0.00173796590678	9.19565415808e-06	0.0232543464953	4.01006081915e-05
57.5	0.00139774512947	8.65540783414e-06	0.0192729518252	3.79779831213e-05
62.5	0.00102426193269	7.28823264017e-06	0.0132117500401	2.9279178584e-05
67.5	0.000779387194196	6.46737511671e-06	0.0103742867735	2.65774453539e-05
72.5	0.000628233516626	5.73898740575e-06	0.00794173524166	2.25419833527e-05
77.5	0.000440901270107	4.91669540923e-06	0.00516689681125	1.7404965058e-05
82.5	0.000312426563634	4.18451541385e-06	0.00344260762134	1.30763976672e-05
87.5	0.000220257164863	3.8697784856e-06	0.00235170948229	1.06105523437e-05
92.5	0.000155639172643	2.96700771313e-06	0.00159263190766	8.65331652244e-06
97.5	0.000107778051993	2.67248831876e-06	0.00109330247907	6.3606215414e-06
102.5	7.2475884547e-05	2.17198237984e-06	0.000755283585528	5.27052561093e-06
107.5	5.67267266188e-05	1.96062529131e-06	0.000530540155056	4.01671453625e-06
112.5	4.0722415394e-05	1.66623328638e-06	0.000382169041477	3.48836715527e-06
117.5	2.9721018977e-05	1.42525899812e-06	0.000273523922524	2.62647799026e-06
122.5	1.97675951936e-05	1.18825824832e-06	0.000203628985592	2.29457793857e-06
127.5	1.9896313528e-05	1.19130841524e-06	0.000145959565817	1.72336040494e-06
132.5	1.21812373978e-05	8.83014196526e-07	0.000112680818298	1.54014002355e-06
137.5	9.4342207912e-06	7.56090741555e-07	8.44754207042e-05	1.19158743351e-06
142.5	8.1072813049e-06	6.85525732096e-07	6.85520255861e-05	1.08183378101e-06
147.5	6.63576460145e-06	6.78596684894e-07	5.26781719294e-05	8.72316653269e-07
152.5	5.2272884245e-06	6.98514950244e-07	4.27387966726e-05	7.31649262664e-07
157.5	3.05643305895e-06	3.82054264925e-07	3.45717745202e-05	6.46205349713e-07
162.5	2.92826496442e-06	3.95468211611e-07	2.80606930965e-05	5.00005869379e-07
167.5	2.34612175273e-06	4.08100300637e-07	2.41319123677e-05	5.08582391585e-07
172.5	2.21785970993e-06	3.68859779558e-07	1.9147462466e-05	4.06614769304e-07
177.5	1.52056544887e-06	2.91566227545e-07	1.61466165364e-05	3.92232636487e-07
182.5	2.08991116597e-06	3.94527795898e-07	1.41615235514e-05	4.07624415053e-07
187.5	1.21171320286e-06	2.34536291425e-07	1.13085149452e-05	2.60843652743e-07
192.5	1.17696137007e-06	2.77392963984e-07	1.04835017228e-05	2.73195524667e-07
197.5	7.0578038115e-07	1.31952241423e-07	9.62233455109e-06	4.75508889954e-07
202.5	1.25089662827e-06	3.20717591307e-07	7.66470636509e-06	2.16255586204e-07
207.5	8.46057039556e-07	2.12248521713e-07	6.97654119471e-06	2.26225887235e-07
212.5	7.3730557277e-07	2.83958285525e-07	6.59276824854e-06	2.44376687628e-07
217.5	6.29632974799e-07	1.99246878653e-07	5.93466522006e-06	2.23071849585e-07
222.5	5.82007829904e-07	1.89070503462e-07	5.10393136111e-06	2.10284897137e-07
227.5	5.4133907865e-07	2.25319005879e-07	4.49390949457e-06	1.64791594568e-07
232.5	4.9208456308e-07	2.03422648251e-07	3.8444772562e-06	1.61801381492e-07
237.5	4.88592592606e-07	1.91761434063e-07	3.45114901268e-06	1.31217855525e-07
242.5	4.35723954058e-07	2.06302961344e-07	3.32315270748e-06	1.85877623444e-07
247.5	2.33932453077e-07	6.39380105392e-08	2.77424030242e-06	1.2417756777e-07
252.5	3.34769560654e-07	1.6220788016e-07	2.64692923032e-06	1.12100991691e-07
257.5	4.15501832104e-07	1.91737505878e-07	2.54230071259e-06	1.36220513607e-07
262.5	2.04514759888e-07	7.85046865081e-08	2.26142039437e-06	1.50555035836e-07
267.5	3.47923222537e-07	1.66842788814e-07	1.95924739943e-06	8.47490935702e-08
272.5	1.12821217137e-07	4.23878519081e-08	1.8808953127e-06	9.62843973769e-08
277.5	1.4323265007e-07	8.31405384881e-08	1.74058209521e-06	9.38005439956e-08
282.5	7.35649066398e-08	4.879953116e-08	1.74352432608e-06	1.36593719622e-07
287.5	9.65567756213e-08	6.05802161504e-08	1.39729844875e-06	6.3974772838e-08
292.5	4.51047551755e-08	1.87352379975e-08	1.45109156649e-06	9.91607418268e-08
297.5	5.90938828068e-08	3.77299622423e-08	1.31364964635e-06	8.19093122236e-08
302.5	4.7400360439e-08	2.43749218698e-08	1.41724950279e-06	1.06269066741e-07
307.5	1.29281114943e-07	1.03223760832e-07	1.09996310319e-06	7.67426299546e-08
312.5	1.56823221106e-07	1.46367057131e-07	1.11246127458e-06	7.38893390523e-08
317.5	6.0466144164e-08	3.68313061761e-08	8.76507493034e-07	5.0040900325e-08
322.5	5.89503511215e-08	4.00091464804e-08	9.59712798675e-07	6.29366533696e-08
327.5	8.68186566228e-08	5.41786644556e-08	9.39056651377e-07	7.17771443844e-08
332.5	2.1583411744e-08	1.44400547866e-08	7.40234601272e-07	4.57646122141e-08
337.5	8.45923855502e-08	5.95423645329e-08	7.68476764254e-07	5.73932675784e-08
342.5	6.06821379297e-08	5.68017730656e-08	7.05652725472e-07	5.56774464095e-08
347.5	3.1094406238e-09	3.04729798507e-09	5.90829826936e-07	4.97883421653e-08
352.5	7.76695465547e-09	5.83187502424e-09	5.69327139896e-07	4.5945727462e-08
357.5	9.64262956679e-08	7.35483077451e-08	5.96288555288e-07	5.44512070015e-08
362.5	2.02114077003e-08	1.95878765828e-08	5.45328290099e-07	4.0953823957e-08
367.5	2.36587786734e-09	2.0184205171e-09	5.45226222711e-07	4.84354537067e-08
372.5	2.20552129064e-08	1.97133219488e-08	4.9842284548e-07	4.88778380131e-08
377.5	1.76678558614e-08	1.74301934184e-08	4.69179531029e-07	5.05201879585e-08
382.5	8.71583490472e-09	5.93885394781e-09	4.87789265004e-07	5.75470623051e-08
387.5	1.47540007797e-08	1.36490405778e-08	3.76967644054e-07	2.67975371344e-08
392.5	1.9414159106e-07	1.54822240806e-07	3.81342691478e-07	3.6364204666e-08
397.5	2.30449295382e-08	2.29270644642e-08	3.78947754466e-07	3.56755030116e-08
402.5	8.4225928484e-09	7.00383404888e-09	2.72626735553e-07	2.11187916736e-08
407.5	4.67694809061e-09	4.48722327298e-09	3.00747024373e-07	4.59428626805e-08
412.5	1.98003830204e-08	1.79878007008e-08	3.46836595326e-07	3.71154206759e-08
417.5	4.078635639e-09	4.078635639e-09	3.88236127284e-07	5.06042629106e-08
422.5	2.84549805744e-10	2.84549805744e-10	3.34414546331e-07	6.07324839871e-08
427.5	3.51989847031e-10	2.52550541508e-10	2.87382330704e-07	3.01347102708e-08
432.5	5.08295021629e-08	5.05474271236e-08	2.77397203499e-07	3.60739283906e-08
437.5	6.26143158641e-08	5.95413047002e-08	2.40538777858e-07	3.12266511536e-08
442.5	9.32051366177e-10	9.32051366178e-10	2.26861823552e-07	2.61567840672e-08
447.5	7.7420405389e-08	7.7420405389e-08	2.4680789119e-07	2.76443737272e-08
452.5	0.0	0.0	1.61966702222e-07	1.64840988387e-08
457.5	5.60588463102e-08	5.52524411738e-08	2.44900794354e-07	4.34444458086e-08
462.5	3.86011404884e-10	3.81063658164e-10	1.54640101074e-07	1.93004753719e-08
467.5	1.22200562003e-10	1.22200562003e-10	1.93545854794e-07	2.2693161133e-08
472.5	0.0	0.0	1.71286686011e-07	3.53249336742e-08
477.5	8.31398804217e-09	8.31398804218e-09	1.68457422203e-07	2.05040287454e-08
482.5	0.0	0.0	1.99337061894e-07	3.06227737728e-08
487.5	8.63392277621e-12	8.63392277621e-12	1.50290516979e-07	1.95574767157e-08
492.5	1.67521737286e-09	1.66606367166e-09	1.68931534334e-07	3.15663653014e-08
497.5	0.0	0.0	1.61805953345e-07	2.08471970184e-08
502.5	0.0	0.0	1.42742747191e-07	2.49284048132e-08
507.5	2.37120073579e-08	2.37120073579e-08	1.39221154457e-07	2.75663413546e-08
512.5	0.0	0.0	1.28726597728e-07	1.97140020867e-08
517.5	1.84994094558e-07	1.84994094558e-07	1.7274818789e-07	3.56325926204e-08
522.5	2.14085884834e-08	2.06416113037e-08	1.19892312383e-07	1.84165766762e-08
527.5	0.0	0.0	9.47876962809e-08	1.85896242581e-08
532.5	0.0	0.0	1.29911738943e-07	2.31445462049e-08
537.5	0.0	0.0	1.07594572808e-07	1.43783864937e-08
542.5	0.0	0.0	1.52266393994e-07	3.75580744365e-08
547.5	0.0	0.0	1.4878441911e-07	3.72747362945e-08
552.5	1.25497472047e-09	1.07421637444e-09	7.85647217502e-08	1.22957811364e-08
557.5	3.69782173675e-09	3.69782173675e-09	1.62055743326e-07	3.58298853304e-08
562.5	0.0	0.0	7.54329266429e-08	1.39931975297e-08
567.5	3.98596657249e-12	3.98596657249e-12	7.92914537599e-08	1.19466759604e-08
572.5	1.04149078318e-09	1.04149078318e-09	8.8670620608e-08	1.87811898298e-08
577.5	0.0	0.0	7.90217712354e-08	2.16066647979e-08
582.5	0.0	0.0	6.29173650233e-08	1.18413977909e-08
587.5	0.0	0.0	7.78263053012e-08	1.52226459359e-08
592.5	0.0	0.0	8.15326171277e-08	3.05846083119e-08
597.5	2.96597090427e-08	2.96597090427e-08	7.52344353551e-08	1.23572078195e-08
602.5	8.33895984335e-11	8.33895984335e-11	6.48040080236e-08	9.88137576875e-09
607.5	0.0	0.0	5.35875396303e-08	8.34376733419e-09
612.5	0.0	0.0	1.09055555226e-07	3.55921396127e-08
617.5	0.0	0.0	6.70138896879e-08	1.50957731324e-08
622.5	0.0	0.0	5.8934852633e-08	1.08004743914e-08
627.5	3.40416997449e-08	3.40416997449e-08	4.01089175486e-08	9.3101700134e-09
632.5	0.0	0.0	5.46624068937e-08	1.05593929955e-08
637.5	1.09574648454e-08	1.03972163214e-08	3.89758541238e-08	8.1288699165e-09
642.5	0.0	0.0	4.09330392111e-08	7.05234029657e-09
647.5	3.73979310366e-09	3.73979310366e-09	4.52938909182e-08	1.08773463866e-08
652.5	0.0	0.0	3.47812785972e-08	1.06277943371e-08
657.5	0.0	0.0	5.47221895674e-08	1.42147543515e-08
662.5	0.0	0.0	4.87059493321e-08	1.5107672533e-08
667.5	0.0	0.0	3.67786246329e-08	1.88043588064e-08
672.5	0.0	0.0	5.67706464325e-08	1.5741988921e-08
677.5	0.0	0.0	4.71041015012e-08	8.60780561685e-09
682.5	0.0	0.0	3.19368591434e-08	7.55697432975e-09
687.5	0.0	0.0	3.92183430483e-08	1.04761884262e-08
692.5	0.0	0.0	3.32047882321e-08	6.48970819756e-09
697.5	0.0	0.0	3.33508045504e-08	7.2686929585e-09
702.5	0.0	0.0	3.40812793155e-08	1.02045909021e-08
707.5	0.0	0.0	3.46299160646e-08	1.08201540949e-08
712.5	0.0	0.0	4.586669822e-08	1.230205185e-08
717.5	0.0	0.0	3.87677730449e-08	1.73810493072e-08
722.5	0.0	0.0	4.46325879764e-08	1.16833480018e-08
727.5	0.0	0.0	3.29221187685e-08	8.91419564897e-09
732.5	0.0	0.0	4.1006119343e-08	1.01165124174e-08
737.5	0.0	0.0	2.85812091503e-08	9.93782753118e-09
742.5	0.0	0.0	4.214901482e-08	1.06744479914e-08
747.5	0.0	0.0	3.53362700351e-08	1.0201340746e-08
752.5	0.0	0.0	2.31308377291e-08	6.04245699241e-09
757.5	0.0	0.0	1.8809499644e-08	4.98517161574e-09
762.5	0.0	0.0	2.68534887631e-08	6.72624075253e-09
767.5	0.0	0.0	3.13395748233e-08	1.03671037684e-08
772.5	0.0	0.0	3.31044838735e-08	9.07488468394e-09
777.5	0.0	0.0	2.31744327198e-08	4.70101011979e-09
782.5	0.0	0.0	1.8200814022e-08	4.46765211271e-09
787.5	1.0847358946e-09	1.0847358946e-09	4.00671547012e-08	1.56616003612e-08
792.5	0.0	0.0	1.53943129272e-08	4.92430133216e-09
797.5	0.0	0.0	1.27560835486e-08	3.53850891003e-09
802.5	0.0	0.0	1.78715704347e-08	6.07308838515e-09
807.5	0.0	0.0	7.79747935054e-09	1.67324981259e-09
812.5	0.0	0.0	2.84893502746e-08	1.49862065313e-08
817.5	0.0	0.0	3.12408190865e-08	1.4796800473e-08
822.5	0.0	0.0	2.99978382198e-08	1.74676467853e-08
827.5	0.0	0.0	4.4211088716e-08	1.84372489833e-08
832.5	0.0	0.0	2.55194358264e-08	1.22103691228e-08
837.5	0.0	0.0	4.03140260228e-08	1.65019378215e-08
842.5	7.02982113404e-08	7.02982113404e-08	1.67940196671e-08	8.11231421691e-09
847.5	0.0	0.0	1.16956153639e-08	3.90693324572e-09
852.5	1.2640060201e-09	1.2640060201e-09	3.89933258504e-08	2.45079833286e-08
857.5	0.0	0.0	2.46384107433e-08	1.31856569652e-08
862.5	0.0	0.0	3.63784328587e-08	1.74547722631e-08
867.5	0.0	0.0	1.91889281626e-08	5.40312775039e-09
872.5	0.0	0.0	1.04608140371e-08	3.46694050444e-09
877.5	0.0	0.0	1.01581373553e-08	3.35214941361e-09
882.5	0.0	0.0	1.49247180453e-08	5.96755000953e-09
887.5	0.0	0.0	2.53237436632e-08	8.99941980533e-09
892.5	0.0	0.0	1.15189909237e-08	4.34976726229e-09
897.5	0.0	0.0	1.46282816965e-08	5.90469714892e-09
902.5	0.0	0.0	1.25766583044e-08	3.94253682329e-09
907.5	0.0	0.0	2.04843733774e-08	9.09125890323e-09
912.5	0.0	0.0	6.20251738416e-09	1.32287602455e-09
917.5	0.0	0.0	1.33855075736e-08	5.42619830774e-09
922.5	1.49720099693e-08	1.49720099692e-08	8.06594982271e-09	3.17828999696e-09
927.5	0.0	0.0	1.12300328988e-08	3.32289643402e-09
932.5	0.0	0.0	1.03277534e-08	5.36081300178e-09
937.5	0.0	0.0	6.69983109086e-09	2.86984057305e-09
942.5	0.0	0.0	1.27186477359e-08	6.00363700499e-09
947.5	0.0	0.0	1.19326871763e-08	4.1758108216e-09
952.5	0.0	0.0	9.37873798563e-09	5.02873469867e-09
957.5	0.0	0.0	1.61625818163e-08	8.25489865603e-09
962.5	0.0	0.0	4.90042613654e-09	1.28373489041e-09
967.5	0.0	0.0	1.02866162878e-08	4.9786415497e-09
972.5	1.72950617311e-10	1.72950617311e-10	4.42260569628e-08	2.74170459806e-08
977.5	0.0	0.0	1.34062711793e-08	5.39902342427e-09
982.5	0.0	0.0	5.43444740613e-09	2.27881012514e-09
987.5	0.0	0.0	6.91360533979e-09	4.27394520229e-09
992.5	0.0	0.0	6.20162744175e-09	3.18359706172e-09
997.5	0.0	0.0	7.60675395351e-09	4.10753048479e-09
