# t 	dNdt (2to2) 	error (2to2) 	dNdt (Brems) 	error (Brems) 	 (for pT in [1,2]) 
2.5	5.86841519664e-05	4.65819755977e-07	5.35243987574e-05	1.2946816528e-06
7.5	0.00118694134902	2.42807989033e-06	0.00112968003886	5.82349471112e-06
12.5	0.00321220560737	3.92932884333e-06	0.00152598340498	6.20316359224e-06
17.5	0.00183487722577	3.32241608467e-06	0.000577821755865	3.71221320378e-06
22.5	0.000667148507634	2.33024337192e-06	0.00017591780644	1.74534981847e-06
27.5	0.000228310311273	1.60359016841e-06	5.25119038201e-05	8.77763682031e-07
32.5	8.38995467452e-05	1.08662644082e-06	1.60781452601e-05	4.50730221939e-07
37.5	3.56073821353e-05	8.11907782719e-07	5.22792920888e-06	2.35984830426e-07
42.5	1.64394779477e-05	5.65956431374e-07	2.08773380932e-06	1.30633752282e-07
47.5	9.38455969536e-06	4.82592604015e-07	8.33225677013e-07	6.90171135345e-08
52.5	5.22575180873e-06	3.6299036044e-07	4.13830918604e-07	6.40955539613e-08
57.5	4.49293269268e-06	4.76886710451e-07	1.51362392977e-07	2.84985650865e-08
62.5	2.28146343915e-06	2.30042871326e-07	1.57499115576e-07	3.55532376214e-08
67.5	1.70760183952e-06	2.70642311526e-07	4.23263149408e-08	1.05726796658e-08
72.5	8.28799319136e-07	1.06964967432e-07	2.93477904031e-08	1.11432412922e-08
77.5	7.71044004704e-07	1.27190006362e-07	5.24221709955e-08	3.71537632469e-08
82.5	5.44550435884e-07	1.08386681669e-07	3.56650579774e-08	1.3767222003e-08
87.5	5.01619240491e-07	1.41038584907e-07	5.93632817189e-09	4.10827856319e-09
92.5	3.82581680457e-07	9.28266045502e-08	2.34931795553e-09	2.26914877635e-09
97.5	4.3004591673e-07	9.9608278986e-08	4.61506513629e-09	3.40410115503e-09
102.5	2.32450692268e-07	8.38446371112e-08	7.17452636799e-09	4.4758662899e-09
107.5	1.67812924699e-07	4.54577033225e-08	4.62488881403e-09	1.77669066366e-09
112.5	3.57375633537e-07	1.69916388346e-07	3.0772917858e-09	1.56496531313e-09
117.5	1.05497306049e-07	4.61961679478e-08	3.35301234362e-09	2.13145156775e-09
122.5	7.65284935572e-08	2.67828001879e-08	5.19424754494e-10	5.19424754494e-10
127.5	7.77842154822e-08	3.27390282134e-08	1.1546096831e-09	1.1546096831e-09
132.5	8.65082613307e-08	5.36667586165e-08	1.73140917689e-10	1.6878880292e-10
137.5	2.51103621579e-08	1.34230521118e-08	3.66519892947e-10	3.66519892948e-10
142.5	3.54675275102e-08	2.1275987173e-08	8.31548597807e-10	6.59887312727e-10
147.5	7.6502093759e-09	4.1938827266e-09	3.75931403712e-10	3.75931403713e-10
152.5	7.56598462918e-09	3.88467511853e-09	2.2763404941e-12	2.2763404941e-12
157.5	1.47963741669e-08	8.696955614e-09	0.0	0.0
162.5	8.18975385611e-09	6.5234252311e-09	1.80251121367e-09	1.66908003419e-09
167.5	1.18451392117e-08	7.08491259559e-09	0.0	0.0
172.5	5.68067543e-09	4.72147001253e-09	0.0	0.0
177.5	2.75940101389e-08	2.10973540204e-08	0.0	0.0
182.5	3.47073173993e-08	3.09027482568e-08	0.0	0.0
187.5	1.17600692652e-08	1.17553631475e-08	0.0	0.0
192.5	7.36715967234e-09	6.26402266329e-09	0.0	0.0
197.5	1.81913529791e-08	1.81804423758e-08	4.68294373061e-09	4.67904609114e-09
202.5	0.0	0.0	0.0	0.0
207.5	1.39699710773e-08	1.33185850898e-08	0.0	0.0
212.5	2.90274361826e-10	2.90274361826e-10	8.58627113243e-10	8.58627113242e-10
217.5	1.54520163956e-08	1.5165542231e-08	0.0	0.0
222.5	8.33418477515e-09	8.33124901377e-09	0.0	0.0
227.5	3.24265447659e-11	3.24265447659e-11	0.0	0.0
232.5	0.0	0.0	0.0	0.0
237.5	8.49946028283e-09	6.7604299542e-09	0.0	0.0
242.5	0.0	0.0	0.0	0.0
247.5	3.42922895181e-09	3.03908002953e-09	0.0	0.0
252.5	0.0	0.0	0.0	0.0
257.5	0.0	0.0	0.0	0.0
262.5	2.39140680339e-08	1.98218090684e-08	1.31925330436e-10	1.31925330436e-10
267.5	0.0	0.0	0.0	0.0
272.5	0.0	0.0	0.0	0.0
277.5	0.0	0.0	0.0	0.0
282.5	0.0	0.0	0.0	0.0
287.5	0.0	0.0	0.0	0.0
292.5	1.00431726415e-09	1.00431726415e-09	0.0	0.0
297.5	0.0	0.0	0.0	0.0
302.5	0.0	0.0	0.0	0.0
307.5	9.62708378181e-09	9.62708378181e-09	0.0	0.0
312.5	0.0	0.0	0.0	0.0
317.5	0.0	0.0	0.0	0.0
322.5	3.93923051154e-11	3.93923051154e-11	0.0	0.0
327.5	0.0	0.0	0.0	0.0
332.5	0.0	0.0	0.0	0.0
337.5	0.0	0.0	0.0	0.0
342.5	0.0	0.0	0.0	0.0
347.5	0.0	0.0	0.0	0.0
352.5	0.0	0.0	0.0	0.0
357.5	0.0	0.0	0.0	0.0
362.5	0.0	0.0	0.0	0.0
367.5	0.0	0.0	0.0	0.0
372.5	0.0	0.0	0.0	0.0
377.5	0.0	0.0	0.0	0.0
382.5	2.56131664774e-10	2.56131664774e-10	0.0	0.0
387.5	0.0	0.0	0.0	0.0
392.5	0.0	0.0	0.0	0.0
397.5	0.0	0.0	0.0	0.0
402.5	0.0	0.0	0.0	0.0
407.5	0.0	0.0	0.0	0.0
412.5	0.0	0.0	0.0	0.0
417.5	0.0	0.0	0.0	0.0
422.5	0.0	0.0	0.0	0.0
427.5	0.0	0.0	0.0	0.0
432.5	0.0	0.0	0.0	0.0
437.5	0.0	0.0	0.0	0.0
442.5	0.0	0.0	0.0	0.0
447.5	0.0	0.0	0.0	0.0
452.5	0.0	0.0	0.0	0.0
457.5	0.0	0.0	0.0	0.0
462.5	0.0	0.0	0.0	0.0
467.5	0.0	0.0	0.0	0.0
472.5	0.0	0.0	0.0	0.0
477.5	0.0	0.0	0.0	0.0
482.5	0.0	0.0	0.0	0.0
487.5	0.0	0.0	0.0	0.0
492.5	0.0	0.0	0.0	0.0
497.5	0.0	0.0	0.0	0.0
502.5	0.0	0.0	0.0	0.0
507.5	0.0	0.0	0.0	0.0
512.5	0.0	0.0	0.0	0.0
517.5	1.05428016462e-07	1.05428016462e-07	0.0	0.0
522.5	2.40336771106e-10	2.40336771106e-10	0.0	0.0
527.5	0.0	0.0	0.0	0.0
532.5	0.0	0.0	0.0	0.0
537.5	0.0	0.0	0.0	0.0
542.5	0.0	0.0	0.0	0.0
547.5	0.0	0.0	0.0	0.0
552.5	0.0	0.0	0.0	0.0
557.5	0.0	0.0	0.0	0.0
562.5	0.0	0.0	0.0	0.0
567.5	0.0	0.0	0.0	0.0
572.5	0.0	0.0	0.0	0.0
577.5	0.0	0.0	0.0	0.0
582.5	0.0	0.0	0.0	0.0
587.5	0.0	0.0	0.0	0.0
592.5	0.0	0.0	0.0	0.0
597.5	0.0	0.0	0.0	0.0
602.5	0.0	0.0	0.0	0.0
607.5	0.0	0.0	0.0	0.0
612.5	0.0	0.0	0.0	0.0
617.5	0.0	0.0	0.0	0.0
622.5	0.0	0.0	0.0	0.0
627.5	0.0	0.0	0.0	0.0
632.5	0.0	0.0	0.0	0.0
637.5	0.0	0.0	0.0	0.0
642.5	0.0	0.0	0.0	0.0
647.5	0.0	0.0	0.0	0.0
652.5	0.0	0.0	0.0	0.0
657.5	0.0	0.0	0.0	0.0
662.5	0.0	0.0	0.0	0.0
667.5	0.0	0.0	0.0	0.0
672.5	0.0	0.0	0.0	0.0
677.5	0.0	0.0	0.0	0.0
682.5	0.0	0.0	0.0	0.0
687.5	0.0	0.0	0.0	0.0
692.5	0.0	0.0	0.0	0.0
697.5	0.0	0.0	0.0	0.0
702.5	0.0	0.0	0.0	0.0
707.5	0.0	0.0	0.0	0.0
712.5	0.0	0.0	0.0	0.0
717.5	0.0	0.0	0.0	0.0
722.5	0.0	0.0	0.0	0.0
727.5	0.0	0.0	0.0	0.0
732.5	0.0	0.0	0.0	0.0
737.5	0.0	0.0	0.0	0.0
742.5	0.0	0.0	0.0	0.0
747.5	0.0	0.0	0.0	0.0
752.5	0.0	0.0	0.0	0.0
757.5	0.0	0.0	0.0	0.0
762.5	0.0	0.0	0.0	0.0
767.5	0.0	0.0	0.0	0.0
772.5	0.0	0.0	0.0	0.0
777.5	0.0	0.0	0.0	0.0
782.5	0.0	0.0	0.0	0.0
787.5	0.0	0.0	0.0	0.0
792.5	0.0	0.0	0.0	0.0
797.5	0.0	0.0	0.0	0.0
802.5	0.0	0.0	0.0	0.0
807.5	0.0	0.0	0.0	0.0
812.5	0.0	0.0	0.0	0.0
817.5	0.0	0.0	0.0	0.0
822.5	0.0	0.0	0.0	0.0
827.5	0.0	0.0	0.0	0.0
832.5	0.0	0.0	0.0	0.0
837.5	0.0	0.0	0.0	0.0
842.5	0.0	0.0	0.0	0.0
847.5	0.0	0.0	0.0	0.0
852.5	0.0	0.0	0.0	0.0
857.5	0.0	0.0	0.0	0.0
862.5	0.0	0.0	0.0	0.0
867.5	0.0	0.0	0.0	0.0
872.5	0.0	0.0	0.0	0.0
877.5	0.0	0.0	0.0	0.0
882.5	0.0	0.0	0.0	0.0
887.5	0.0	0.0	0.0	0.0
892.5	0.0	0.0	0.0	0.0
897.5	0.0	0.0	0.0	0.0
902.5	0.0	0.0	0.0	0.0
907.5	0.0	0.0	0.0	0.0
912.5	0.0	0.0	0.0	0.0
917.5	0.0	0.0	0.0	0.0
922.5	0.0	0.0	0.0	0.0
927.5	0.0	0.0	0.0	0.0
932.5	0.0	0.0	0.0	0.0
937.5	0.0	0.0	0.0	0.0
942.5	0.0	0.0	0.0	0.0
947.5	0.0	0.0	0.0	0.0
952.5	0.0	0.0	0.0	0.0
957.5	0.0	0.0	0.0	0.0
962.5	0.0	0.0	0.0	0.0
967.5	0.0	0.0	0.0	0.0
972.5	0.0	0.0	0.0	0.0
977.5	0.0	0.0	0.0	0.0
982.5	0.0	0.0	0.0	0.0
987.5	0.0	0.0	0.0	0.0
992.5	0.0	0.0	0.0	0.0
997.5	0.0	0.0	0.0	0.0
