# t 	dNdt (2to2) 	error (2to2) 	dNdt (Brems) 	error (Brems) 	 (for pT in [1,2]) 
2.5	5.6391469629e-05	5.26353538212e-07	3.20719042836e-05	8.1886371387e-07
7.5	0.00117014069295	2.84451495353e-06	0.00063890462003	3.51833449859e-06
12.5	0.00318858241217	4.7108436785e-06	0.000828840447858	3.32438166507e-06
17.5	0.00182927793379	3.94870746662e-06	0.000304097427694	1.87064836159e-06
22.5	0.000657653812275	2.90156258035e-06	9.28346560583e-05	8.97595025356e-07
27.5	0.000224544697992	1.89628110151e-06	2.90083512018e-05	4.35627573111e-07
32.5	8.21357457824e-05	1.23728227133e-06	9.29446998476e-06	2.35131883232e-07
37.5	3.32934152023e-05	8.93225657389e-07	3.56628723606e-06	1.39038138086e-07
42.5	1.59796159873e-05	7.63805301017e-07	1.43182613495e-06	8.75289941441e-08
47.5	8.62579544883e-06	5.27905978988e-07	6.00438674375e-07	5.58529116573e-08
52.5	4.72087480049e-06	3.56560121072e-07	2.41210458432e-07	2.6665521316e-08
57.5	3.05592640764e-06	3.1193660686e-07	1.69803819521e-07	3.09209932675e-08
62.5	2.70667521175e-06	3.51442647618e-07	3.40647159461e-08	8.34471942577e-09
67.5	1.60991904862e-06	2.22071531232e-07	5.58720234838e-08	1.42504210289e-08
72.5	1.25226619639e-06	2.21214642542e-07	1.92856831656e-08	5.54367036646e-09
77.5	9.48727770439e-07	2.0587210546e-07	4.52900529777e-08	1.66730518766e-08
82.5	5.78182742376e-07	1.51926132762e-07	5.97169455302e-09	3.15972534756e-09
87.5	7.23989116788e-07	2.0387802886e-07	1.82353772704e-08	7.8056990179e-09
92.5	4.74348443786e-07	1.54658738799e-07	2.75774296071e-09	1.98281615869e-09
97.5	2.52410772996e-07	8.29391198673e-08	1.08077831419e-08	6.13662659413e-09
102.5	1.12012930348e-07	7.33354010006e-08	6.58247714303e-09	5.27087753476e-09
107.5	2.44258246805e-07	1.19243897162e-07	2.19383986504e-09	1.91134079923e-09
112.5	5.43359597028e-07	3.41283864672e-07	3.46729985856e-12	3.46729985856e-12
117.5	1.92139427118e-07	9.57156569618e-08	7.7945359708e-10	7.7945359708e-10
122.5	3.89676993261e-08	1.71945670274e-08	2.20384999101e-09	1.78907470881e-09
127.5	4.41087170973e-08	2.53188395627e-08	6.06998202846e-10	6.06998202846e-10
132.5	7.1792027395e-08	3.90824098806e-08	3.19244360317e-09	3.19244360317e-09
137.5	2.83260419699e-08	1.87073576945e-08	7.09885091311e-10	5.56720875451e-10
142.5	1.47367862771e-08	1.10416183937e-08	1.80439837725e-09	1.79914399359e-09
147.5	5.92582574204e-09	3.08351538288e-09	7.26254187718e-12	7.26254187718e-12
152.5	1.50306131471e-08	9.5859285139e-09	1.37677907263e-09	1.37677907263e-09
157.5	9.82753933118e-08	5.61726079739e-08	0.0	0.0
162.5	4.87670582389e-09	3.0405484724e-09	0.0	0.0
167.5	1.01246285391e-07	6.86388045074e-08	7.04458238337e-10	7.04458238337e-10
172.5	1.60516178096e-08	1.15859923212e-08	1.16128241545e-09	1.16128241545e-09
177.5	3.07713337168e-09	3.02851805248e-09	0.0	0.0
182.5	1.72020179602e-08	1.65845776368e-08	0.0	0.0
187.5	1.00843870024e-09	7.30734428254e-10	0.0	0.0
192.5	4.67480811958e-10	3.77319716734e-10	0.0	0.0
197.5	4.58748713393e-10	4.2620055869e-10	2.52040391638e-10	2.52040391638e-10
202.5	2.61695772039e-09	2.61695772039e-09	0.0	0.0
207.5	0.0	0.0	0.0	0.0
212.5	5.12762366944e-08	3.82571244347e-08	4.75324560569e-09	4.75324560569e-09
217.5	0.0	0.0	1.51534179321e-10	1.51534179321e-10
222.5	8.10053072413e-11	8.10053072413e-11	2.36978482832e-09	1.96855712051e-09
227.5	0.0	0.0	0.0	0.0
232.5	0.0	0.0	0.0	0.0
237.5	1.58281769169e-10	1.30132801284e-10	0.0	0.0
242.5	1.22226902245e-10	1.22226902245e-10	9.88964480872e-10	9.88964480872e-10
247.5	0.0	0.0	0.0	0.0
252.5	0.0	0.0	1.93099932968e-12	1.93099932968e-12
257.5	2.15461983124e-10	2.15461983124e-10	0.0	0.0
262.5	0.0	0.0	5.6727138086e-12	5.6727138086e-12
267.5	1.93442803069e-10	1.93442803069e-10	0.0	0.0
272.5	7.45676916145e-11	7.45676916145e-11	0.0	0.0
277.5	0.0	0.0	4.1979052592e-10	4.1979052592e-10
282.5	0.0	0.0	0.0	0.0
287.5	3.47562641468e-10	3.47562641468e-10	4.62114258902e-09	4.62114258902e-09
292.5	0.0	0.0	0.0	0.0
297.5	1.26086383269e-07	1.26058725584e-07	0.0	0.0
302.5	0.0	0.0	0.0	0.0
307.5	0.0	0.0	0.0	0.0
312.5	0.0	0.0	0.0	0.0
317.5	1.86282010899e-10	1.86282010899e-10	0.0	0.0
322.5	0.0	0.0	0.0	0.0
327.5	0.0	0.0	0.0	0.0
332.5	0.0	0.0	0.0	0.0
337.5	0.0	0.0	0.0	0.0
342.5	0.0	0.0	0.0	0.0
347.5	0.0	0.0	0.0	0.0
352.5	0.0	0.0	0.0	0.0
357.5	0.0	0.0	0.0	0.0
362.5	0.0	0.0	0.0	0.0
367.5	0.0	0.0	0.0	0.0
372.5	0.0	0.0	0.0	0.0
377.5	0.0	0.0	0.0	0.0
382.5	0.0	0.0	0.0	0.0
387.5	0.0	0.0	0.0	0.0
392.5	7.30431087562e-10	7.30431087562e-10	0.0	0.0
397.5	0.0	0.0	0.0	0.0
402.5	0.0	0.0	0.0	0.0
407.5	0.0	0.0	0.0	0.0
412.5	0.0	0.0	0.0	0.0
417.5	0.0	0.0	0.0	0.0
422.5	0.0	0.0	0.0	0.0
427.5	5.53079247534e-13	5.53079247534e-13	0.0	0.0
432.5	0.0	0.0	0.0	0.0
437.5	0.0	0.0	0.0	0.0
442.5	0.0	0.0	0.0	0.0
447.5	6.2135775964e-12	6.2135775964e-12	0.0	0.0
452.5	0.0	0.0	0.0	0.0
457.5	0.0	0.0	0.0	0.0
462.5	0.0	0.0	0.0	0.0
467.5	0.0	0.0	0.0	0.0
472.5	0.0	0.0	0.0	0.0
477.5	0.0	0.0	0.0	0.0
482.5	0.0	0.0	0.0	0.0
487.5	0.0	0.0	0.0	0.0
492.5	0.0	0.0	0.0	0.0
497.5	0.0	0.0	0.0	0.0
502.5	0.0	0.0	0.0	0.0
507.5	0.0	0.0	0.0	0.0
512.5	0.0	0.0	0.0	0.0
517.5	0.0	0.0	0.0	0.0
522.5	0.0	0.0	0.0	0.0
527.5	0.0	0.0	0.0	0.0
532.5	0.0	0.0	0.0	0.0
537.5	0.0	0.0	0.0	0.0
542.5	0.0	0.0	0.0	0.0
547.5	0.0	0.0	0.0	0.0
552.5	0.0	0.0	0.0	0.0
557.5	0.0	0.0	0.0	0.0
562.5	0.0	0.0	0.0	0.0
567.5	0.0	0.0	1.97286224209e-09	1.97286224209e-09
572.5	0.0	0.0	0.0	0.0
577.5	0.0	0.0	0.0	0.0
582.5	2.31002875424e-10	2.31002875424e-10	0.0	0.0
587.5	0.0	0.0	0.0	0.0
592.5	0.0	0.0	0.0	0.0
597.5	0.0	0.0	0.0	0.0
602.5	0.0	0.0	0.0	0.0
607.5	0.0	0.0	0.0	0.0
612.5	0.0	0.0	0.0	0.0
617.5	0.0	0.0	0.0	0.0
622.5	0.0	0.0	0.0	0.0
627.5	0.0	0.0	0.0	0.0
632.5	0.0	0.0	0.0	0.0
637.5	0.0	0.0	0.0	0.0
642.5	0.0	0.0	0.0	0.0
647.5	0.0	0.0	0.0	0.0
652.5	0.0	0.0	0.0	0.0
657.5	0.0	0.0	0.0	0.0
662.5	0.0	0.0	0.0	0.0
667.5	0.0	0.0	0.0	0.0
672.5	0.0	0.0	0.0	0.0
677.5	0.0	0.0	0.0	0.0
682.5	0.0	0.0	0.0	0.0
687.5	0.0	0.0	2.2955707383e-09	2.2955707383e-09
692.5	0.0	0.0	0.0	0.0
697.5	0.0	0.0	0.0	0.0
702.5	0.0	0.0	0.0	0.0
707.5	0.0	0.0	0.0	0.0
712.5	0.0	0.0	0.0	0.0
717.5	0.0	0.0	0.0	0.0
722.5	0.0	0.0	0.0	0.0
727.5	0.0	0.0	0.0	0.0
732.5	0.0	0.0	0.0	0.0
737.5	0.0	0.0	0.0	0.0
742.5	0.0	0.0	0.0	0.0
747.5	0.0	0.0	0.0	0.0
752.5	0.0	0.0	0.0	0.0
757.5	0.0	0.0	0.0	0.0
762.5	0.0	0.0	0.0	0.0
767.5	0.0	0.0	0.0	0.0
772.5	0.0	0.0	0.0	0.0
777.5	0.0	0.0	0.0	0.0
782.5	0.0	0.0	0.0	0.0
787.5	0.0	0.0	0.0	0.0
792.5	0.0	0.0	0.0	0.0
797.5	0.0	0.0	0.0	0.0
802.5	0.0	0.0	0.0	0.0
807.5	0.0	0.0	0.0	0.0
812.5	0.0	0.0	0.0	0.0
817.5	0.0	0.0	0.0	0.0
822.5	0.0	0.0	0.0	0.0
827.5	0.0	0.0	0.0	0.0
832.5	0.0	0.0	0.0	0.0
837.5	0.0	0.0	0.0	0.0
842.5	0.0	0.0	0.0	0.0
847.5	0.0	0.0	0.0	0.0
852.5	0.0	0.0	0.0	0.0
857.5	0.0	0.0	0.0	0.0
862.5	0.0	0.0	0.0	0.0
867.5	0.0	0.0	0.0	0.0
872.5	0.0	0.0	0.0	0.0
877.5	0.0	0.0	0.0	0.0
882.5	0.0	0.0	0.0	0.0
887.5	0.0	0.0	0.0	0.0
892.5	0.0	0.0	0.0	0.0
897.5	0.0	0.0	0.0	0.0
902.5	0.0	0.0	0.0	0.0
907.5	0.0	0.0	0.0	0.0
912.5	0.0	0.0	0.0	0.0
917.5	0.0	0.0	0.0	0.0
922.5	0.0	0.0	0.0	0.0
927.5	0.0	0.0	0.0	0.0
932.5	0.0	0.0	0.0	0.0
937.5	0.0	0.0	0.0	0.0
942.5	0.0	0.0	0.0	0.0
947.5	0.0	0.0	0.0	0.0
952.5	0.0	0.0	0.0	0.0
957.5	0.0	0.0	0.0	0.0
962.5	0.0	0.0	0.0	0.0
967.5	0.0	0.0	0.0	0.0
972.5	0.0	0.0	0.0	0.0
977.5	0.0	0.0	0.0	0.0
982.5	0.0	0.0	0.0	0.0
987.5	0.0	0.0	0.0	0.0
992.5	0.0	0.0	0.0	0.0
997.5	0.0	0.0	0.0	0.0
