# π0＋π0→π+＋π-＋γ_error total
0.005 0.2342424589066435 0.010379138365923763
0.015 0.03776300613665699 0.0013316655176429998
0.025 0.01704093075522315 0.0006247093571346857
0.034999999999999996 0.01010406310909438 0.0004300101771454705
0.045 0.006833051024531136 0.0003001214571207065
0.055 0.004959520050145542 0.00018383563668222108
0.065 0.003819049587720965 0.00015308985462349236
0.07500000000000001 0.0030199403561977983 0.00014162160407703943
0.085 0.00247165444538648 0.00010891874328910719
0.095 0.0020289903237794586 8.461302032571157e-05
0.10500000000000001 0.0017217036535035809 7.126571201161097e-05
0.115 0.001469758898102371 6.994247231223766e-05
0.125 0.001260819782005492 5.6885204735642165e-05
0.135 0.0010890759360527426 4.689907817647786e-05
0.14500000000000002 0.0009424888051089122 3.710423527390864e-05
0.155 0.0008258637645152172 3.189541959912669e-05
0.165 0.0007243800377006774 2.9174383780700774e-05
0.17500000000000002 0.0006378565743723289 2.4789974795918846e-05
0.185 0.000565664200423187 1.9791832813555715e-05
0.195 0.0005015314955353226 1.9111135819254573e-05
0.20500000000000002 0.00044410681617853285 1.8827099046678605e-05
0.215 0.00039217137542354324 1.5308728718324286e-05
0.225 0.0003488835805231717 1.2587136353876152e-05
0.23500000000000001 0.0003090675264001826 1.4836535250091948e-05
0.245 0.0002765616696178136 1.0626343069246732e-05
0.255 0.000245541243011597 9.323874917891813e-06
0.265 0.00021740056159839298 8.770672738528715e-06
0.275 0.00019314605406543529 7.024549399973476e-06
0.28500000000000003 0.0001735836201544523 6.5725704595737836e-06
0.295 0.0001548627313156742 6.67363973387458e-06
0.305 0.0001390480435962471 8.6676510431003e-06
0.315 0.00012401985480668855 6.86439669434862e-06
0.325 0.0001095560878305934 5.585421512216449e-06
0.335 9.862894349462685e-05 4.114736081225862e-06
0.34500000000000003 8.751335352583484e-05 4.1449070715701e-06
0.35500000000000004 7.804937149286776e-05 4.3699733839685095e-06
0.365 6.991058868789914e-05 4.1012313121691346e-06
0.375 6.330158949400456e-05 3.1176570752939226e-06
0.385 5.6091058474453966e-05 2.630358099380345e-06
0.395 5.0012151195103375e-05 2.73988659680951e-06
0.405 4.54133579360751e-05 2.844693430818308e-06
0.41500000000000004 4.073047077270386e-05 2.5284369620717736e-06
0.425 3.665688939009255e-05 2.207847791620132e-06
0.435 3.2816386997386806e-05 2.295167380363379e-06
0.445 2.905871726616972e-05 1.6265113571605545e-06
0.455 2.6059528336720343e-05 1.6733041334381045e-06
0.465 2.370943281405204e-05 1.6712693557603168e-06
0.47500000000000003 2.1352660527895565e-05 1.8649170676787765e-06
0.485 1.8573002350233035e-05 1.4404192025823138e-06
0.495 1.739345357483983e-05 1.6253690424328365e-06
0.505 1.5206824052726987e-05 1.0658871171354245e-06
0.515 1.3848350416381388e-05 1.2127930676605307e-06
0.525 1.2187248937273116e-05 1.0262648903044623e-06
0.535 1.1228544452292261e-05 7.558994100170302e-07
0.545 1.005975974228549e-05 5.685850941955481e-07
0.555 8.917871306018484e-06 5.262281790306826e-07
0.5650000000000001 8.029989832178787e-06 8.496733831746476e-07
0.5750000000000001 7.388298264772123e-06 6.774034048353258e-07
0.585 6.5922543224135e-06 6.14954047820676e-07
0.595 5.973266000098362e-06 4.977153677274972e-07
0.605 5.391186590044077e-06 4.645302121225058e-07
0.615 4.7902459163777475e-06 5.24392807976722e-07
0.625 4.3409608100293645e-06 4.980231235002417e-07
0.635 4.021268400141599e-06 4.7355328562018064e-07
0.645 3.6316478129686325e-06 2.5008734038874876e-07
0.655 3.2090798695737742e-06 3.7164254926424404e-07
0.665 2.8522852004751595e-06 2.9644838320151813e-07
0.675 2.577663732465136e-06 2.266062985851555e-07
0.685 2.356368220304184e-06 2.4446251552194014e-07
0.6950000000000001 2.171801648933723e-06 2.872561652576249e-07
0.7050000000000001 1.9090664475315767e-06 1.9268926484122372e-07
0.715 1.7840534411007044e-06 2.7732568461443063e-07
0.725 1.6320240727595093e-06 1.9316694387804497e-07
0.735 1.4561503730042009e-06 1.8934118029067422e-07
0.745 1.321515065878618e-06 1.943272995287185e-07
0.755 1.1921347579124755e-06 1.7408656853156544e-07
0.765 1.0587700669385506e-06 1.7085263207635334e-07
0.775 9.751770933327984e-07 1.0953445290755487e-07
0.785 8.318672873554715e-07 1.2195254985924638e-07
0.795 7.744474826796282e-07 1.299650404493946e-07
0.805 6.812981437717085e-07 1.0441949614080946e-07
0.8150000000000001 6.382482741887095e-07 9.505028124610004e-08
0.8250000000000001 5.62344286850629e-07 1.1946294602460155e-07
0.8350000000000001 5.124159035313449e-07 6.119572704259853e-08
0.845 4.6412635143189126e-07 7.308424855853344e-08
0.855 4.1906584841921845e-07 5.997763621442958e-08
0.865 3.8389276830785663e-07 6.863347840864699e-08
0.875 3.569516771959268e-07 6.780044936145101e-08
0.885 3.4671636819350137e-07 6.2816163645711e-08
0.895 2.962052730164177e-07 5.109588499691458e-08
0.905 2.6478310970585703e-07 6.116966386568645e-08
0.915 2.5166479210949583e-07 6.064306881701195e-08
0.925 2.2808031015689832e-07 4.933925597517382e-08
0.935 2.205038751834749e-07 5.443610827900836e-08
0.9450000000000001 1.912840866341499e-07 5.71135240349543e-08
0.9550000000000001 1.774887172002435e-07 3.183095444480791e-08
0.965 1.5100297665696824e-07 3.0503350557092495e-08
0.975 1.193344808503917e-07 2.847417325645463e-08
0.985 1.220787865693555e-07 2.4037541128989465e-08
0.995 1.1657473400470483e-07 3.5752659545470414e-08
1.005 1.0656763608045657e-07 3.0959452911289037e-08
1.015 9.247220456038367e-08 3.284733260055482e-08
1.025 7.961388902104012e-08 2.0054487014295926e-08
1.035 8.223615043587435e-08 4.072498105526151e-08
1.045 6.958147766347075e-08 2.20663018417541e-08
1.055 5.599448285263254e-08 1.3795377247993717e-08
1.065 5.360167220320027e-08 2.418498643212103e-08
1.075 4.738153120730758e-08 1.740781747282331e-08
1.085 4.89241194212252e-08 2.0409370422498773e-08
1.095 4.12518734786047e-08 1.3054718624264989e-08
1.105 3.5031400568649884e-08 1.3962767046503043e-08
1.115 3.2869316989845584e-08 1.3752481906036906e-08
1.125 3.877027757268638e-08 1.8451527654963667e-08
1.135 3.4560517045504095e-08 1.3228976034853114e-08
1.145 3.151158612283953e-08 1.4144091077227266e-08
1.155 2.128865682359654e-08 8.508371010470047e-09
1.1649999999999998 1.942321453867764e-08 1.071778180839494e-08
1.1749999999999998 2.238967760063527e-08 9.981595495232596e-09
1.1849999999999998 2.148900746322196e-08 9.249651305984559e-09
1.1949999999999998 1.884295775633091e-08 1.0870294637022737e-08
1.2049999999999998 1.7049226542964708e-08 7.32795939218499e-09
1.2149999999999999 1.8356562635536264e-08 8.63838456172159e-09
1.2249999999999999 1.510303120108377e-08 8.819041672201986e-09
1.2349999999999999 9.763563055169056e-09 5.3013385931499074e-09
1.2449999999999999 8.811488943265044e-09 7.335924788218076e-09
1.255 5.450752819033697e-09 3.44205392326434e-09
1.265 9.407022170107628e-09 5.605522350244011e-09
1.275 1.1361550169991391e-08 6.29295394675292e-09
1.285 1.2216362173478741e-08 8.956751864085063e-09
1.295 9.236491508298048e-09 6.606383369920934e-09
1.305 3.1101054804012825e-09 1.6915799324302326e-09
1.315 6.924400612006113e-09 6.121423982164675e-09
1.325 7.304330379697056e-09 9.439944991476525e-09
1.335 8.097329298219034e-09 1.0653380637399358e-08
1.345 3.741598601044733e-09 2.9997258534525467e-09
1.355 3.0337533195011577e-09 3.139199393202719e-09
1.365 4.557126860672632e-09 4.985795610324546e-09
1.375 4.233354149319759e-09 8.252371435044909e-09
1.385 1.4462496796246729e-09 1.456275386655131e-09
1.395 1.3178724866137952e-09 2.0242012053544738e-09
1.405 1.7539582509905644e-09 1.624674297664212e-09
1.4149999999999998 4.858280930857204e-09 6.2573307497660905e-09
1.4249999999999998 1.289873636381402e-09 1.977137501894717e-09
1.4349999999999998 1.3594099497977696e-09 1.544672195812949e-09
1.4449999999999998 1.8114018432176074e-09 2.9481125697423115e-09
1.4549999999999998 1.3407226674128855e-09 2.340143427993621e-09
1.4649999999999999 8.275427703752141e-10 1.2625837656959936e-09
1.4749999999999999 4.007421560901389e-09 6.089623017914062e-09
1.4849999999999999 2.909612294830418e-09 4.236100703382647e-09
1.4949999999999999 2.3335448462225057e-09 5.3843760500917736e-09
1.505 2.8170424784018973e-10 3.8141842809163844e-10
1.515 3.132263897567939e-10 4.65163174084464e-10
1.525 8.261294299053153e-10 1.5465543904940162e-09
1.535 3.190543465891581e-10 4.086963164018306e-10
1.545 9.539366967477123e-10 2.1094497941846224e-09
1.555 2.832203062094136e-10 4.799534251591569e-10
1.565 1.6680501422353649e-09 4.597004273670063e-09
1.575 1.3790617829244136e-09 2.290598238510516e-09
1.585 1.6955833816806755e-09 3.985447273113745e-09
1.595 1.6910523525456167e-10 2.395357246732234e-10
1.605 6.959178938212353e-10 1.9831901634532755e-09
1.615 8.977791591695361e-10 2.570664888563801e-09
1.625 8.076042691977589e-10 2.2898931685705265e-09
1.635 1.4777998047216973e-10 2.950406653120827e-10
1.645 4.3947763047220854e-11 8.728547486935553e-11
1.655 2.0395240876127107e-09 3.461100524929453e-09
1.665 6.663087182366009e-10 1.803952308560383e-09
1.6749999999999998 1.8697028297916396e-12 4.824355000513288e-12
1.6849999999999998 9.719672156569216e-11 2.6805461709779916e-10
1.6949999999999998 1.8877060742193543e-10 4.321479160700664e-10
1.7049999999999998 4.736739813456529e-11 1.4210219440369587e-10
1.7149999999999999 3.838382483114996e-12 1.1218460748567008e-11
1.7249999999999999 2.858992949045233e-13 6.548833349423294e-13
1.7349999999999999 2.037435950613286e-11 6.007450923187231e-11
1.7449999999999999 9.904031583454314e-11 2.9435399121012373e-10
1.755 1.8382749342194786e-11 5.514824802658436e-11
1.765 4.511030739267483e-11 1.0320677241436633e-10
1.775 1.704695631972881e-13 5.114086895918643e-13
1.785 0.0 0.0
1.795 1.5149373251336518e-09 4.535524333581374e-09
1.805 7.358741657934148e-10 2.2076224973802444e-09
1.815 2.0852111489416468e-11 5.665258760325903e-11
1.825 5.2117675528192245e-12 1.37676347162778e-11
1.835 1.7309623259393208e-11 3.980213575935848e-11
1.845 0.0 0.0
1.855 5.84939074719611e-14 1.7548172241588334e-13
1.865 0.0 0.0
1.875 6.891338056728435e-10 2.0674014170185303e-09
1.885 0.0 0.0
1.895 0.0 0.0
1.905 0.0 0.0
1.915 3.4900809411033186e-11 1.0470242823309955e-10
1.9249999999999998 0.0 0.0
1.9349999999999998 0.0 0.0
1.9449999999999998 0.0 0.0
1.9549999999999998 0.0 0.0
1.9649999999999999 0.0 0.0
1.9749999999999999 0.0 0.0
1.9849999999999999 0.0 0.0
1.9949999999999999 0.0 0.0
2.005 0.0 0.0
2.015 0.0 0.0
2.025 0.0 0.0
2.035 0.0 0.0
2.045 0.0 0.0
2.0549999999999997 0.0 0.0
2.065 0.0 0.0
2.0749999999999997 0.0 0.0
2.085 0.0 0.0
2.0949999999999998 0.0 0.0
2.105 0.0 0.0
2.1149999999999998 0.0 0.0
2.125 0.0 0.0
2.135 0.0 0.0
2.145 0.0 0.0
2.155 0.0 0.0
2.165 0.0 0.0
2.175 0.0 0.0
2.185 0.0 0.0
2.195 0.0 0.0
2.205 0.0 0.0
2.215 0.0 0.0
2.225 0.0 0.0
2.235 0.0 0.0
2.245 0.0 0.0
2.255 0.0 0.0
2.265 0.0 0.0
2.275 0.0 0.0
2.285 0.0 0.0
2.295 0.0 0.0
2.305 0.0 0.0
2.315 0.0 0.0
2.3249999999999997 0.0 0.0
2.335 0.0 0.0
2.3449999999999998 0.0 0.0
2.355 0.0 0.0
2.3649999999999998 0.0 0.0
2.375 0.0 0.0
2.385 0.0 0.0
2.395 0.0 0.0
2.405 0.0 0.0
2.415 0.0 0.0
2.425 0.0 0.0
2.435 0.0 0.0
2.445 0.0 0.0
2.455 0.0 0.0
2.465 0.0 0.0
2.475 0.0 0.0
2.485 0.0 0.0
2.495 0.0 0.0
2.505 0.0 0.0
2.515 0.0 0.0
2.525 0.0 0.0
2.535 0.0 0.0
2.545 0.0 0.0
2.555 0.0 0.0
2.565 0.0 0.0
2.5749999999999997 0.0 0.0
2.585 0.0 0.0
2.5949999999999998 0.0 0.0
2.605 0.0 0.0
2.6149999999999998 0.0 0.0
2.625 0.0 0.0
2.635 0.0 0.0
2.645 0.0 0.0
2.655 0.0 0.0
2.665 0.0 0.0
2.675 0.0 0.0
2.685 0.0 0.0
2.695 0.0 0.0
2.705 0.0 0.0
2.715 0.0 0.0
2.725 0.0 0.0
2.735 0.0 0.0
2.745 0.0 0.0
2.755 0.0 0.0
2.765 0.0 0.0
2.775 0.0 0.0
2.785 0.0 0.0
2.795 0.0 0.0
2.805 0.0 0.0
2.815 0.0 0.0
2.8249999999999997 0.0 0.0
2.835 0.0 0.0
2.8449999999999998 0.0 0.0
2.855 0.0 0.0
2.8649999999999998 0.0 0.0
2.875 0.0 0.0
2.885 0.0 0.0
2.895 0.0 0.0
2.905 0.0 0.0
2.915 0.0 0.0
2.925 0.0 0.0
2.935 0.0 0.0
2.945 0.0 0.0
2.955 0.0 0.0
2.965 0.0 0.0
2.975 0.0 0.0
2.985 0.0 0.0
2.995 0.0 0.0
3.005 0.0 0.0
3.015 0.0 0.0
3.025 0.0 0.0
3.035 0.0 0.0
3.045 0.0 0.0
3.055 0.0 0.0
3.065 0.0 0.0
3.075 0.0 0.0
3.085 0.0 0.0
3.0949999999999998 0.0 0.0
3.105 0.0 0.0
3.1149999999999998 0.0 0.0
3.125 0.0 0.0
3.135 0.0 0.0
3.145 0.0 0.0
3.155 0.0 0.0
3.165 0.0 0.0
3.175 0.0 0.0
3.185 0.0 0.0
3.195 0.0 0.0
3.205 0.0 0.0
3.215 0.0 0.0
3.225 0.0 0.0
3.235 0.0 0.0
3.245 0.0 0.0
3.255 0.0 0.0
3.265 0.0 0.0
3.275 0.0 0.0
3.285 0.0 0.0
3.295 0.0 0.0
3.305 0.0 0.0
3.315 0.0 0.0
3.325 0.0 0.0
3.335 0.0 0.0
3.3449999999999998 0.0 0.0
3.355 0.0 0.0
3.3649999999999998 0.0 0.0
3.375 0.0 0.0
3.385 0.0 0.0
3.395 0.0 0.0
3.405 0.0 0.0
3.415 0.0 0.0
3.425 0.0 0.0
3.435 0.0 0.0
3.445 0.0 0.0
3.455 0.0 0.0
3.465 0.0 0.0
3.475 0.0 0.0
3.485 0.0 0.0
3.495 0.0 0.0
3.505 0.0 0.0
3.515 0.0 0.0
3.525 0.0 0.0
3.535 0.0 0.0
3.545 0.0 0.0
3.555 0.0 0.0
3.565 0.0 0.0
3.575 0.0 0.0
3.585 0.0 0.0
3.5949999999999998 0.0 0.0
3.605 0.0 0.0
3.6149999999999998 0.0 0.0
3.625 0.0 0.0
3.635 0.0 0.0
3.645 0.0 0.0
3.655 0.0 0.0
3.665 0.0 0.0
3.675 0.0 0.0
3.685 0.0 0.0
3.695 0.0 0.0
3.705 0.0 0.0
3.715 0.0 0.0
3.725 0.0 0.0
3.735 0.0 0.0
3.745 0.0 0.0
3.755 0.0 0.0
3.765 0.0 0.0
3.775 0.0 0.0
3.785 0.0 0.0
3.795 0.0 0.0
3.805 0.0 0.0
3.815 0.0 0.0
3.825 0.0 0.0
3.835 0.0 0.0
3.8449999999999998 0.0 0.0
3.855 0.0 0.0
3.8649999999999998 0.0 0.0
3.875 0.0 0.0
3.885 0.0 0.0
3.895 0.0 0.0
3.905 0.0 0.0
3.915 0.0 0.0
3.925 0.0 0.0
3.935 0.0 0.0
3.945 0.0 0.0
3.955 0.0 0.0
3.965 0.0 0.0
3.975 0.0 0.0
3.985 0.0 0.0
3.995 0.0 0.0
4.005 0.0 0.0
4.015 0.0 0.0
4.025 0.0 0.0
4.035 0.0 0.0
4.045 0.0 0.0
4.055 0.0 0.0
4.065 0.0 0.0
4.075 0.0 0.0
4.085 0.0 0.0
4.095 0.0 0.0
4.1049999999999995 0.0 0.0
4.115 0.0 0.0
4.125 0.0 0.0
4.135 0.0 0.0
4.145 0.0 0.0
4.155 0.0 0.0
4.165 0.0 0.0
4.175 0.0 0.0
4.185 0.0 0.0
4.195 0.0 0.0
4.205 0.0 0.0
4.215 0.0 0.0
4.225 0.0 0.0
4.235 0.0 0.0
4.245 0.0 0.0
4.255 0.0 0.0
4.265 0.0 0.0
4.275 0.0 0.0
4.285 0.0 0.0
4.295 0.0 0.0
4.305 0.0 0.0
4.315 0.0 0.0
4.325 0.0 0.0
4.335 0.0 0.0
4.345 0.0 0.0
4.355 0.0 0.0
4.365 0.0 0.0
4.375 0.0 0.0
4.385 0.0 0.0
4.395 0.0 0.0
4.405 0.0 0.0
4.415 0.0 0.0
4.425 0.0 0.0
4.435 0.0 0.0
4.445 0.0 0.0
4.455 0.0 0.0
4.465 0.0 0.0
4.475 0.0 0.0
4.485 0.0 0.0
4.495 0.0 0.0
4.505 0.0 0.0
4.515 0.0 0.0
4.525 0.0 0.0
4.535 0.0 0.0
4.545 0.0 0.0
4.555 0.0 0.0
4.565 0.0 0.0
4.575 0.0 0.0
4.585 0.0 0.0
4.595 0.0 0.0
4.605 0.0 0.0
4.615 0.0 0.0
4.625 0.0 0.0
4.635 0.0 0.0
4.645 0.0 0.0
4.655 0.0 0.0
4.665 0.0 0.0
4.675 0.0 0.0
4.685 0.0 0.0
4.695 0.0 0.0
4.705 0.0 0.0
4.715 0.0 0.0
4.725 0.0 0.0
4.735 0.0 0.0
4.745 0.0 0.0
4.755 0.0 0.0
4.765 0.0 0.0
4.775 0.0 0.0
4.785 0.0 0.0
4.795 0.0 0.0
4.805 0.0 0.0
4.815 0.0 0.0
4.825 0.0 0.0
4.835 0.0 0.0
4.845 0.0 0.0
4.855 0.0 0.0
4.865 0.0 0.0
4.875 0.0 0.0
4.885 0.0 0.0
4.895 0.0 0.0
4.905 0.0 0.0
4.915 0.0 0.0
4.925 0.0 0.0
4.935 0.0 0.0
4.945 0.0 0.0
4.955 0.0 0.0
4.965 0.0 0.0
4.975 0.0 0.0
4.985 0.0 0.0
4.995 0.0 0.0
#  
