#pt	yield	yield*vn_cos[1]	 yield*vn_sin[1]	yield*vn_cos[2]	 yield*vn_sin[2]	yield*vn_cos[3]	 yield*vn_sin[3]	yield*vn_cos[4]	 yield*vn_sin[4]	yield*vn_cos[5]	 yield*vn_sin[5]	yield*vn_cos[6]	 yield*vn_sin[6]
2.0000000000e-01	2.1999367584e-05	-2.3181954346e-21	-8.0245226582e-22	-7.1329090295e-22	2.4073567975e-21	1.1590977173e-21	-5.3496817721e-22	-1.6494852131e-21	2.6748408861e-21	-2.9088894636e-21	3.3881317890e-21	-5.3496817721e-21	-9.8077499156e-21
4.0000000000e-01	7.9907682900e-06	-5.7954885865e-22	2.2290340717e-22	-3.5664545148e-22	7.5787158439e-22	6.2412954008e-22	-4.4580681434e-23	-5.7954885865e-22	8.9161362869e-22	-1.0532185989e-21	1.5157431688e-21	-1.8278079388e-21	-3.5218738333e-21
6.0000000000e-01	5.5411831559e-06	-6.2412954008e-22	1.3374204430e-22	-1.7832272574e-22	5.5725851793e-22	2.2290340717e-22	-4.4580681434e-23	-3.7893579219e-22	5.7954885865e-22	-7.9130709546e-22	9.8077499156e-22	-1.4488721466e-21	-2.4073567975e-21
8.0000000000e-01	2.6766203518e-06	-2.0061306645e-22	7.2443607331e-23	-6.6871022152e-23	2.1175823681e-22	1.1145170359e-22	-4.4580681434e-23	-2.2290340717e-22	2.4519374789e-22	-3.9704669403e-22	4.4580681434e-22	-6.5756505116e-22	-1.2036783987e-21
1.0000000000e+00	1.0371355197e-06	-7.8016192510e-23	8.3588777690e-24	-5.0153266614e-23	1.4488721466e-22	5.0153266614e-23	-2.2290340717e-23	-1.0309282582e-22	8.9161362869e-23	-1.4210092207e-22	1.7832272574e-22	-2.5355262566e-22	-4.7366974024e-22
1.2000000000e+00	3.5657250334e-07	-2.2290340717e-23	9.7520240638e-24	-1.1145170359e-23	5.2939559203e-23	1.9504048128e-23	1.1145170359e-23	-2.8559499044e-23	3.9008096255e-23	-4.8934263606e-23	6.6871022152e-23	-8.4981923984e-23	-1.5324609243e-22
1.4000000000e+00	1.1440095588e-07	-9.0554509164e-24	6.9657314741e-25	-5.5725851793e-24	1.1841743506e-23	3.4828657371e-24	-2.0897194422e-24	-9.9261673506e-24	1.3234889801e-23	-1.8720403337e-23	2.0200621275e-23	-3.0300931912e-23	-5.0849839761e-23
1.6000000000e+00	3.5178423824e-08	-1.7414328685e-24	6.0950150399e-25	-2.0897194422e-24	2.2638627291e-24	2.0897194422e-24	-8.7071643427e-25	-3.1345791634e-24	3.8311523108e-24	-4.9413157645e-24	5.9208717530e-24	-8.1847344821e-24	-1.6021182391e-23
1.8000000000e+00	1.0526017911e-08	-1.0448597211e-24	4.3535821713e-26	-6.9657314741e-25	1.0013238994e-24	4.3535821713e-25	-3.4828657371e-25	-9.3602016684e-25	9.5778807769e-25	-1.5455216708e-24	1.7414328685e-24	-2.7427567679e-24	-4.6147971016e-24
2.0000000000e+00	3.0926839214e-09	-1.3060746514e-25	-1.8502724228e-25	-1.7414328685e-25	2.6121493028e-25	1.0883955428e-25	-6.5303732570e-26	-2.5577295257e-25	2.8298284114e-25	-4.2719525056e-25	5.6596568227e-25	-7.9452874627e-25	-1.4149142057e-24
2.2000000000e+00	8.9733775048e-10	-9.7955598855e-26	2.4488899714e-26	-3.2651866285e-26	7.0745710284e-26	3.8093843999e-26	-2.7209888571e-26	-7.0745710284e-26	9.2513621141e-26	-1.3536919564e-25	1.6325933142e-25	-2.3128405285e-25	-3.9726437313e-25
2.4000000000e+00	2.5805627904e-10	-1.9046922000e-26	1.2244449857e-26	-1.3604944285e-26	2.4488899714e-26	1.3604944285e-26	-1.3604944285e-27	-2.0407416428e-26	2.4488899714e-26	-3.5202793339e-26	4.3535821713e-26	-6.5983979784e-26	-1.1428153200e-25
2.6000000000e+00	7.3732088887e-11	-6.8024721427e-27	-1.5305562321e-27	-4.0814832856e-27	5.7821013213e-27	3.0611124642e-27	-2.0407416428e-27	-6.9725339463e-27	6.8024721427e-27	-1.1139048134e-26	1.3604944285e-26	-1.8026551178e-26	-3.3332113499e-26
2.8000000000e+00	2.0964183310e-11	-8.5030901784e-28	8.9282446873e-28	-8.5030901784e-28	2.2108034464e-27	1.5305562321e-27	-5.1018541070e-28	-1.7856489375e-27	2.5509270535e-27	-3.3693494832e-27	3.7413596785e-27	-5.1868850088e-27	-9.3533991962e-27
3.0000000000e+00	5.9380322844e-12	-4.6766995981e-28	3.4012360714e-28	-1.7006180357e-28	3.8263905803e-28	3.4012360714e-28	-1.7006180357e-28	-4.5704109709e-28	6.8024721427e-28	-9.2471105690e-28	1.0628862723e-27	-1.4880407812e-27	-2.6359579553e-27
3.2000000000e+00	1.6767070801e-12	-1.1691748995e-28	1.1160305859e-28	-8.5030901784e-29	1.8069066629e-28	9.5659764507e-29	-3.1886588169e-29	-1.3551799972e-28	1.7006180357e-28	-2.1789168582e-28	2.8697929352e-28	-3.9326792075e-28	-7.6527811605e-28
3.4000000000e+00	4.7219418210e-13	-3.1886588169e-29	1.3286078404e-29	-3.1886588169e-29	4.7829882253e-29	1.0628862723e-29	-7.9716470422e-30	-5.1815705775e-29	5.3144313615e-29	-7.8387862582e-29	8.5030901784e-29	-1.2356052915e-28	-2.0992003878e-28
3.6000000000e+00	1.3266505858e-13	-6.6430392019e-30	-3.3215196009e-30	-5.3144313615e-30	1.3286078404e-29	5.9787352817e-30	-3.3215196009e-30	-1.0961014683e-29	1.3286078404e-29	-1.8351395795e-29	2.1257725446e-29	-3.3215196009e-29	-5.8458744976e-29
3.8000000000e+00	3.7190882448e-14	-2.3250637207e-30	2.9063296508e-30	-1.6607598005e-30	2.6572156807e-30	2.1589877406e-30	-6.6430392019e-31	-2.0759497506e-30	3.9858235211e-30	-5.7503808091e-30	6.6430392019e-30	-9.3002548826e-30	-1.5943294084e-29
4.0000000000e+00	0.0000000000e+00	0.0000000000e+00	0.0000000000e+00	0.0000000000e+00	0.0000000000e+00	0.0000000000e+00	0.0000000000e+00	0.0000000000e+00	0.0000000000e+00	0.0000000000e+00	0.0000000000e+00	0.0000000000e+00	0.0000000000e+00
