#pt	yield	yield*vn_cos[1]	 yield*vn_sin[1]	yield*vn_cos[2]	 yield*vn_sin[2]	yield*vn_cos[3]	 yield*vn_sin[3]	yield*vn_cos[4]	 yield*vn_sin[4]	yield*vn_cos[5]	 yield*vn_sin[5]	yield*vn_cos[6]	 yield*vn_sin[6]
2.0000000000e-01	6.6453452407e-05	-5.7063272236e-21	1.6049045316e-21	-2.8531636118e-21	5.7063272236e-21	3.5664545148e-21	-1.7832272574e-21	-7.1329090295e-21	7.1329090295e-21	-9.3173624198e-21	1.0699363544e-20	-1.6940658945e-20	-2.9601572472e-20
4.0000000000e-01	6.1138637968e-06	-4.0122613291e-22	2.2290340717e-23	-1.3374204430e-22	4.2351647363e-22	2.8977442932e-22	-8.9161362869e-23	-6.6871022152e-22	6.2412954008e-22	-8.5260553243e-22	1.1145170359e-21	-1.4934528281e-21	-2.6302602046e-21
6.0000000000e-01	8.8891344486e-07	-7.2443607331e-23	-2.7862925897e-24	-4.4580681434e-23	1.1702428877e-22	5.0153266614e-23	1.6717755538e-23	-8.3588777690e-23	8.9161362869e-23	-1.2886603227e-22	1.5603238502e-22	-2.2847599235e-22	-3.7893579219e-22
8.0000000000e-01	1.5824563126e-07	-1.9504048128e-23	0.0000000000e+00	-5.5725851793e-24	1.0448597211e-23	9.0554509164e-24	-4.1794388845e-24	-1.2538316653e-23	1.5324609243e-23	-2.4380060159e-23	2.7862925897e-23	-4.1097815697e-23	-6.9657314741e-23
1.0000000000e+00	3.1684650871e-08	-2.7862925897e-24	-1.0448597211e-24	-1.3931462948e-24	2.4380060159e-24	1.9155761554e-24	-1.2190030080e-24	-3.1345791634e-24	2.7862925897e-24	-4.8542441210e-24	5.2242986056e-24	-7.7493762650e-24	-1.4628036096e-23
1.2000000000e+00	6.8584056198e-09	-3.9182239542e-25	2.1767910857e-25	-3.4828657371e-25	6.5303732570e-25	3.4828657371e-25	-8.7071643427e-26	-5.1154590513e-25	4.7889403885e-25	-8.8704236741e-25	1.0883955428e-24	-1.7196649577e-24	-3.0910433416e-24
1.4000000000e+00	1.5701222457e-09	-9.7955598855e-26	6.5303732570e-26	-5.4419777142e-26	4.3535821713e-26	7.0745710284e-26	-5.4419777142e-26	-1.1428153200e-25	1.5237537600e-25	-2.3400504171e-25	2.8298284114e-25	-4.0270635085e-25	-7.0745710284e-25
1.6000000000e+00	3.7506477007e-10	-1.9046922000e-26	-6.8024721427e-27	-1.9046922000e-26	2.3128405285e-26	2.3128405285e-26	-5.4419777142e-27	-2.7890135785e-26	3.2651866285e-26	-5.5780271570e-26	7.0745710284e-26	-9.2513621141e-26	-1.6053834257e-25
1.8000000000e+00	9.2648756018e-11	-5.4419777142e-27	8.8432137855e-27	-2.0407416428e-27	1.0883955428e-26	3.4012360714e-27	-2.7209888571e-27	-6.8024721427e-27	1.0203708214e-26	-1.4710346009e-26	1.5645685928e-26	-2.3468528892e-26	-4.0814832856e-26
2.0000000000e+00	2.3517802042e-11	-2.2108034464e-27	0.0000000000e+00	-1.0203708214e-27	3.2311742678e-27	1.2754635268e-27	0.0000000000e+00	-1.9131952901e-27	2.2108034464e-27	-3.2524319932e-27	4.2515450892e-27	-5.9521631249e-27	-1.0373770018e-26
2.2000000000e+00	6.1062836597e-12	-6.8024721427e-28	-2.1257725446e-29	-2.5509270535e-28	4.6766995981e-28	1.4880407812e-28	-1.7006180357e-28	-4.3578337164e-28	6.3773176338e-28	-9.4065435098e-28	1.0628862723e-27	-1.5730716830e-27	-2.8060197589e-27
2.4000000000e+00	1.6161025987e-12	-9.5659764507e-29	-2.1257725446e-29	-7.4402039061e-29	1.2754635268e-28	5.3144313615e-29	1.0628862723e-29	-9.8316980188e-29	1.4880407812e-28	-2.4977827399e-28	2.8697929352e-28	-3.9326792075e-28	-7.1213380244e-28
2.6000000000e+00	4.3481058106e-13	-3.7201019530e-29	7.9716470422e-30	-1.8600509765e-29	3.7201019530e-29	5.3144313615e-30	-2.1257725446e-29	-3.8529627371e-29	3.4543803850e-29	-7.1744823380e-29	7.7059254742e-29	-1.1160305859e-28	-1.9397674469e-28
2.8000000000e+00	1.1866994327e-13	-1.2621774484e-29	1.3286078404e-30	-4.6501274413e-30	1.3286078404e-29	2.6572156807e-30	-1.9929117606e-30	-1.1293166643e-29	1.1957470563e-29	-1.7188863935e-29	1.9929117606e-29	-2.9561524448e-29	-5.3144313615e-29
3.0000000000e+00	3.2797428505e-14	-1.9929117606e-30	2.7402536708e-30	-9.9645588028e-31	3.6536715610e-30	9.9645588028e-31	-1.6607598005e-31	-2.7402536708e-30	3.3215196009e-30	-5.1483553814e-30	6.3108872418e-30	-8.2207610123e-30	-1.4614686244e-29
3.2000000000e+00	9.1660245502e-15	-8.3037990023e-31	-8.3037990023e-32	-4.1518995012e-31	1.2455698503e-30	4.5670894513e-31	-4.1518995012e-31	-8.5113939774e-31	9.9645588028e-31	-1.2403799760e-30	1.4946838204e-30	-2.2835447256e-30	-4.1518995012e-30
3.4000000000e+00	2.5873299145e-15	-2.0759497506e-31	-7.2658241270e-32	-1.0379748753e-31	3.6329120635e-31	1.4531648254e-31	-1.0379748753e-31	-1.9202535193e-31	2.4911397007e-31	-3.5420892619e-31	4.1518995012e-31	-6.6430392019e-31	-1.1210128653e-30
3.6000000000e+00	7.3692068968e-16	-6.7468366894e-32	5.9683555329e-32	-3.6329120635e-32	6.2278492517e-32	2.0759497506e-32	-1.0379748753e-32	-4.9303806576e-32	7.2658241270e-32	-1.0963609620e-31	1.2974685941e-31	-1.8164560318e-31	-3.2177221134e-31
3.8000000000e+00	2.1160256861e-16	-2.3354434694e-32	-3.8924057823e-33	-1.0379748753e-32	2.4651903288e-32	9.0822801588e-33	-6.4873429706e-33	-1.7191458872e-32	2.3354434694e-32	-2.8868676219e-32	3.5031652041e-32	-5.1898743765e-32	-9.6012675964e-32
4.0000000000e+00	6.1212124959e-17	-5.1898743765e-33	4.8655072279e-34	-3.8924057823e-33	6.1629758220e-33	2.9193043368e-33	3.2436714853e-34	-5.6764250992e-33	5.1898743765e-33	-8.9200965845e-33	1.0379748753e-32	-1.5407439555e-32	-2.7246840476e-32
