#pt	yield	yield*vn_cos[1]	 yield*vn_sin[1]	yield*vn_cos[2]	 yield*vn_sin[2]	yield*vn_cos[3]	 yield*vn_sin[3]	yield*vn_cos[4]	 yield*vn_sin[4]	yield*vn_cos[5]	 yield*vn_sin[5]	yield*vn_cos[6]	 yield*vn_sin[6]
2.0000000000e-01	1.5047529039e-04	-8.5594908354e-21	7.1329090295e-22	-4.2797454177e-21	1.1412654447e-20	8.5594908354e-21	-2.8531636118e-21	-1.3909172608e-20	1.1412654447e-20	-2.5232665692e-20	2.4251890700e-20	-3.7804417856e-20	-6.5622763071e-20
4.0000000000e-01	2.0901527254e-05	-1.2482590802e-21	8.0245226582e-22	-5.3496817721e-22	8.9161362869e-22	1.3374204430e-21	-8.9161362869e-22	-1.8278079388e-21	1.7832272574e-21	-3.2098090633e-21	3.5664545148e-21	-5.0821976835e-21	-9.6294271898e-21
6.0000000000e-01	8.5937787634e-06	-6.2412954008e-22	-1.7832272574e-22	-4.0122613291e-22	9.3619431012e-22	3.1206477004e-22	-2.2290340717e-22	-7.3558124367e-22	8.9161362869e-22	-1.3820011245e-21	1.3374204430e-21	-2.1398727089e-21	-3.9230999662e-21
8.0000000000e-01	3.5789511553e-06	-3.7893579219e-22	2.2290340717e-23	-2.2290340717e-22	2.8977442932e-22	1.3374204430e-22	0.0000000000e+00	-2.6191150343e-22	3.7893579219e-22	-5.7118998088e-22	6.0183919936e-22	-9.2504913976e-22	-1.5603238502e-21
1.0000000000e+00	1.3101128304e-06	-1.3374204430e-22	8.0802485100e-23	-5.5725851793e-23	1.2259687394e-22	4.4580681434e-23	-1.1145170359e-23	-1.1981058136e-22	1.2259687394e-22	-2.0757879793e-22	2.1175823681e-22	-3.3435511076e-22	-5.7954885865e-22
1.2000000000e+00	4.3879134136e-07	-3.0649218486e-23	1.8110901833e-23	-1.9504048128e-23	1.3931462948e-23	1.6717755538e-23	-5.5725851793e-24	-3.9704669403e-23	3.6221803665e-23	-7.2791893905e-23	7.8016192510e-23	-1.1284484988e-22	-2.0061306645e-22
1.4000000000e+00	1.3894395202e-07	-9.7520240638e-24	-3.4828657371e-25	0.0000000000e+00	1.3234889801e-23	7.6623046215e-24	-2.7862925897e-24	-1.3931462948e-23	1.3931462948e-23	-2.1680839213e-23	2.2290340717e-23	-3.4828657371e-23	-6.2691583267e-23
1.6000000000e+00	4.2418105271e-08	-2.0897194422e-24	-2.0897194422e-24	-1.3931462948e-24	4.0052955976e-24	1.7414328685e-24	-1.3931462948e-24	-3.4828657371e-24	3.8311523108e-24	-6.5956769896e-24	7.3140180478e-24	-1.0100310637e-23	-1.9155761554e-23
1.8000000000e+00	1.2631761658e-08	-1.2190030080e-24	2.6121493028e-25	-5.2242986056e-25	1.2190030080e-24	4.3535821713e-25	-2.6121493028e-25	-1.1101634537e-24	1.3060746514e-24	-1.8067366011e-24	2.0897194422e-24	-3.3087224502e-24	-5.7467284662e-24
2.0000000000e+00	3.6958497798e-09	-2.8298284114e-25	5.4419777142e-26	-1.7414328685e-25	3.9182239542e-25	1.9591119771e-25	-4.3535821713e-26	-2.8298284114e-25	3.9182239542e-25	-5.2242986056e-25	6.5303732570e-25	-8.7071643427e-25	-1.6761291360e-24
2.2000000000e+00	1.0673316942e-09	-8.7071643427e-26	-3.5372855142e-26	-2.1767910857e-26	1.4149142057e-25	3.8093843999e-26	-3.2651866285e-26	-7.6187687998e-26	1.1972350971e-25	-1.5985809535e-25	1.9591119771e-25	-2.8026185228e-25	-4.6801008342e-25
2.4000000000e+00	3.0515534105e-10	-1.9046922000e-26	-6.1222249284e-27	-5.4419777142e-27	2.7209888571e-26	9.5234609998e-27	-8.1629665712e-27	-2.7890135785e-26	3.2651866285e-26	-4.4216068928e-26	5.1698788285e-26	-7.8908676855e-26	-1.3877043171e-25
2.6000000000e+00	8.6548432805e-11	-7.4827193570e-27	6.1222249284e-27	-5.4419777142e-27	9.5234609998e-27	2.7209888571e-27	-1.3604944285e-27	-6.6324103391e-27	9.5234609998e-27	-1.2286965308e-26	1.5645685928e-26	-2.1087663642e-26	-3.8093843999e-26
2.8000000000e+00	2.4384304906e-11	-1.7006180357e-27	-4.2515450892e-28	-1.1904326250e-27	3.2311742678e-27	5.9521631249e-28	-1.7006180357e-28	-2.5934425044e-27	2.2108034464e-27	-3.5712978749e-27	4.2515450892e-27	-6.0371940267e-27	-1.0543831821e-26
3.0000000000e+00	6.8308319506e-12	-6.3773176338e-28	-6.3773176338e-29	-1.7006180357e-28	6.8024721427e-28	3.4012360714e-28	-2.5509270535e-28	-6.1647403793e-28	5.9521631249e-28	-1.0203708214e-27	1.1054017232e-27	-1.7006180357e-27	-3.1036279151e-27
3.2000000000e+00	1.9038442419e-12	-1.0628862723e-28	0.0000000000e+00	-5.3144313615e-29	2.3383497991e-28	1.1691748995e-28	-3.1886588169e-29	-1.8600509765e-28	1.4880407812e-28	-2.9495094056e-28	2.9760815624e-28	-4.8361325390e-28	-8.5030901784e-28
3.4000000000e+00	5.2816216839e-13	-2.1257725446e-29	6.6430392019e-30	-1.8600509765e-29	5.3144313615e-29	1.5943294084e-29	-1.0628862723e-29	-3.7201019530e-29	4.7829882253e-29	-8.0048622382e-29	7.9716470422e-29	-1.1957470563e-28	-2.3914941127e-28
3.6000000000e+00	1.4588517560e-13	-7.9716470422e-30	1.0961014683e-29	-5.3144313615e-30	1.4614686244e-29	6.6430392019e-30	-2.6572156807e-30	-1.3286078404e-29	1.4614686244e-29	-1.8517471775e-29	2.5243548967e-29	-3.5872411690e-29	-6.6430392019e-29
3.8000000000e+00	4.0127693956e-14	-3.3215196009e-30	3.3215196009e-30	-1.9929117606e-30	3.4875955810e-30	2.4911397007e-30	-3.3215196009e-31	-4.2349374912e-30	3.9858235211e-30	-5.6050643266e-30	6.9751911620e-30	-9.4663308627e-30	-1.7936205845e-29
4.0000000000e+00	1.0993188992e-14	-9.9645588028e-31	7.0582291520e-31	-3.3215196009e-31	1.4116458304e-30	4.9822794014e-31	8.3037990023e-32	-9.3417738776e-31	1.0794938703e-30	-1.5362028154e-30	1.9929117606e-30	-2.7817726658e-30	-5.0653173914e-30
