#arXiv:nucl-ex/0307022
#http://www.phenix.bnl.gov/phenix/WWW/info/data/ppg026_data.html
#pT[G	Minimum		0--5%		5--10%		10--15%		15--20%		20--30%		30--40%		40--50%		50--60%		60--70%		70--80%		80--92%		60--92%	
0.25	1.05E+02	8.35E-01	3.22E+02	2.55E+00	2.74E+02	2.20E+00	2.33E+02	1.90E+00	2.00E+02	1.60E+00	1.54E+02	1.25E+00	1.05E+02	8.40E-01	6.69E+01	5.40E-01	4.01E+01	3.25E-01	2.13E+01	1.80E-01	1.00E+01	8.70E-02	5.12E+00	4.75E-02	1.25E+01	1.03E-01
0.35	5.99E+01	4.80E-01	1.96E+02	1.55E+00	1.64E+02	1.35E+00	1.37E+02	1.15E+00	1.16E+02	9.45E-01	8.72E+01	7.10E-01	5.77E+01	4.70E-01	3.62E+01	2.95E-01	2.14E+01	1.80E-01	1.11E+01	9.50E-02	5.23E+00	4.80E-02	2.71E+00	2.70E-02	6.52E+00	5.45E-02
0.45	3.60E+01	3.00E-01	1.20E+02	1.04E+00	9.93E+01	8.45E-01	8.30E+01	7.10E-01	6.98E+01	5.95E-01	5.23E+01	4.45E-01	3.41E+01	2.90E-01	2.12E+01	1.80E-01	1.23E+01	1.05E-01	6.29E+00	5.75E-02	2.90E+00	2.95E-02	1.47E+00	1.70E-02	3.65E+00	3.25E-02
0.55	2.18E+01	1.95E-01	7.32E+01	6.60E-01	6.10E+01	5.50E-01	5.06E+01	4.60E-01	4.25E+01	3.85E-01	3.17E+01	2.85E-01	2.05E+01	1.85E-01	1.25E+01	1.15E-01	7.17E+00	6.80E-02	3.62E+00	3.65E-02	1.62E+00	1.85E-02	8.17E-01	1.10E-02	2.08E+00	2.00E-02
0.65	1.34E+01	1.25E-01	4.53E+01	4.40E-01	3.78E+01	3.70E-01	3.16E+01	3.10E-01	2.63E+01	2.60E-01	1.95E+01	1.90E-01	1.26E+01	1.25E-01	7.62E+00	7.70E-02	4.32E+00	4.55E-02	2.17E+00	2.50E-02	9.48E-01	1.25E-02	4.63E-01	7.70E-03	1.23E+00	1.35E-02
0.75	8.54E+00	8.85E-02	2.90E+01	3.10E-01	2.42E+01	2.55E-01	2.01E+01	2.15E-01	1.68E+01	1.85E-01	1.25E+01	1.30E-01	8.05E+00	8.70E-02	4.83E+00	5.35E-02	2.70E+00	3.15E-02	1.33E+00	1.75E-02	5.76E-01	9.25E-03	2.70E-01	5.60E-03	7.47E-01	9.00E-03
0.85	5.43E+00	6.00E-02	1.84E+01	2.10E-01	1.55E+01	1.75E-01	1.29E+01	1.50E-01	1.07E+01	1.25E-01	7.95E+00	9.10E-02	5.08E+00	6.00E-02	3.04E+00	3.70E-02	1.68E+00	2.20E-02	8.33E-01	1.25E-02	3.53E-01	6.75E-03	1.61E-01	4.15E-03	4.62E-01	6.25E-03
0.95	3.59E+00	4.30E-02	1.22E+01	1.50E-01	1.02E+01	1.25E-01	8.52E+00	1.05E-01	7.07E+00	9.10E-02	5.31E+00	6.65E-02	3.38E+00	4.35E-02	2.01E+00	2.75E-02	1.11E+00	1.60E-02	5.28E-01	9.15E-03	2.25E-01	5.20E-03	1.05E-01	3.30E-03	2.94E-01	4.55E-03
1.05	2.35E+00	2.95E-02	7.99E+00	1.05E-01	6.66E+00	9.00E-02	5.57E+00	7.60E-02	4.73E+00	6.55E-02	3.47E+00	4.65E-02	2.20E+00	3.05E-02	1.30E+00	1.90E-02	7.12E-01	1.15E-02	3.48E-01	6.95E-03	1.41E-01	3.95E-03	6.57E-02	2.50E-03	1.90E-01	3.35E-03
1.15	1.60E+00	2.15E-02	5.44E+00	7.85E-02	4.56E+00	6.65E-02	3.78E+00	5.60E-02	3.18E+00	4.80E-02	2.35E+00	3.40E-02	1.51E+00	2.30E-02	8.87E-01	1.45E-02	4.80E-01	9.00E-03	2.27E-01	5.30E-03	9.93E-02	3.25E-03	4.47E-02	2.10E-03	1.27E-01	2.55E-03
1.25	1.05E+00	1.45E-02	3.54E+00	5.45E-02	2.97E+00	4.65E-02	2.49E+00	4.00E-02	2.08E+00	3.40E-02	1.56E+00	2.40E-02	9.87E-01	1.60E-02	5.83E-01	1.04E-02	3.13E-01	6.60E-03	1.49E-01	4.05E-03	6.19E-02	2.45E-03	2.64E-02	1.55E-03	8.14E-02	1.90E-03
1.35	7.57E-01	1.15E-02	2.55E+00	4.30E-02	2.17E+00	3.75E-02	1.81E+00	3.15E-02	1.51E+00	2.75E-02	1.11E+00	1.90E-02	7.14E-01	1.30E-02	4.22E-01	8.60E-03	2.30E-01	5.55E-03	1.08E-01	3.40E-03	4.21E-02	2.00E-03	2.05E-02	1.40E-03	5.84E-02	1.60E-03
1.45	5.12E-01	7.95E-03	1.72E+00	3.15E-02	1.47E+00	2.75E-02	1.23E+00	2.35E-02	1.02E+00	2.05E-02	7.56E-01	1.40E-02	4.87E-01	9.60E-03	2.83E-01	6.50E-03	1.55E-01	4.35E-03	7.25E-02	2.70E-03	2.93E-02	1.70E-03	1.29E-02	1.05E-03	3.93E-02	1.25E-03
1.55	3.49E-01	5.65E-03	1.17E+00	2.30E-02	9.78E-01	2.00E-02	8.28E-01	1.75E-02	6.95E-01	1.50E-02	5.24E-01	1.05E-02	3.33E-01	7.40E-03	1.99E-01	5.10E-03	1.06E-01	3.40E-03	4.94E-02	2.20E-03	2.00E-02	1.35E-03	8.88E-03	8.80E-04	2.69E-02	9.70E-04
1.65	2.45E-01	4.10E-03	8.04E-01	1.75E-02	6.81E-01	1.55E-02	5.82E-01	1.35E-02	4.89E-01	1.20E-02	3.69E-01	8.10E-03	2.34E-01	5.80E-03	1.41E-01	4.05E-03	7.29E-02	2.70E-03	3.67E-02	1.80E-03	1.53E-02	1.15E-03	6.78E-03	7.70E-04	2.02E-02	8.25E-04
1.75	1.75E-01	3.15E-03	5.68E-01	1.35E-02	4.88E-01	1.25E-02	4.15E-01	1.05E-02	3.52E-01	9.60E-03	2.62E-01	6.40E-03	1.69E-01	4.70E-03	9.95E-02	3.30E-03	5.49E-02	2.30E-03	2.57E-02	1.50E-03	1.06E-02	9.75E-04	5.26E-03	6.80E-04	1.43E-02	6.80E-04
1.85	1.26E-01	2.35E-03	4.12E-01	1.15E-02	3.45E-01	9.80E-03	3.00E-01	8.80E-03	2.47E-01	7.75E-03	1.93E-01	5.15E-03	1.21E-01	3.80E-03	7.33E-02	2.75E-03	3.90E-02	1.95E-03	1.90E-02	1.25E-03	8.05E-03	8.45E-04	3.69E-03	5.65E-04	1.06E-02	5.80E-04
1.95	8.99E-02	1.85E-03	2.83E-01	8.90E-03	2.52E-01	8.20E-03	2.10E-01	7.20E-03	1.76E-01	6.40E-03	1.37E-01	4.20E-03	8.77E-02	3.20E-03	5.57E-02	2.40E-03	2.87E-02	1.65E-03	1.36E-02	1.15E-03	6.05E-03	7.45E-04	2.48E-03	4.70E-04	7.55E-03	4.95E-04
2.05	6.39E-02	1.15E-03	1.99E-01	5.95E-03	1.73E-01	5.50E-03	1.49E-01	4.90E-03	1.26E-01	4.40E-03	9.83E-02	2.90E-03	6.57E-02	2.25E-03	3.89E-02	1.65E-03	2.15E-02	1.20E-03	9.92E-03	7.90E-04	4.29E-03	5.30E-04	1.48E-03	3.05E-04	5.37E-03	3.45E-04
2.15	4.57E-02	8.80E-04	1.34E-01	4.80E-03	1.24E-01	4.55E-03	1.03E-01	4.05E-03	9.59E-02	3.85E-03	7.19E-02	2.40E-03	4.73E-02	1.90E-03	2.82E-02	1.40E-03	1.57E-02	1.00E-03	6.81E-03	6.65E-04	3.13E-03	4.55E-04	1.24E-03	2.85E-04	3.83E-03	2.95E-04
2.25	3.24E-02	6.90E-04	9.17E-02	3.90E-03	8.19E-02	3.65E-03	7.63E-02	3.45E-03	6.60E-02	3.15E-03	5.16E-02	2.05E-03	3.59E-02	1.65E-03	2.02E-02	1.20E-03	1.11E-02	8.70E-04	5.09E-03	5.80E-04	2.16E-03	3.85E-04	8.57E-04	2.40E-04	2.77E-03	2.55E-04
2.35	2.56E-02	6.25E-04	7.14E-02	3.65E-03	6.29E-02	3.40E-03	5.87E-02	3.20E-03	5.23E-02	2.95E-03	3.98E-02	1.90E-03	2.84E-02	1.55E-03	1.82E-02	1.20E-03	9.34E-03	8.45E-04	4.42E-03	5.75E-04	1.97E-03	3.95E-04	7.41E-04	2.40E-04	2.44E-03	2.55E-04
2.45	1.87E-02	5.20E-04	5.06E-02	3.10E-03	4.52E-02	2.90E-03	4.02E-02	2.70E-03	3.80E-02	2.55E-03	3.06E-02	1.65E-03	2.11E-02	1.35E-03	1.27E-02	9.90E-04	7.45E-03	7.70E-04	3.16E-03	4.95E-04	1.24E-03	3.15E-04	4.40E-04	1.85E-04	1.66E-03	2.10E-04
2.55	1.45E-02	4.75E-04	3.64E-02	2.80E-03	3.46E-02	2.70E-03	3.23E-02	2.60E-03	2.72E-02	2.35E-03	2.39E-02	1.55E-03	1.64E-02	1.30E-03	1.09E-02	1.00E-03	5.75E-03	7.35E-04	3.17E-03	5.40E-04	1.17E-03	3.35E-04	4.86E-04	2.10E-04	1.66E-03	2.30E-04
2.65	1.10E-02	4.15E-04	2.67E-02	2.50E-03	2.43E-02	2.35E-03	2.33E-02	2.25E-03	2.11E-02	2.15E-03	1.77E-02	1.40E-03	1.35E-02	1.20E-03	8.56E-03	9.30E-04	4.71E-03	6.90E-04	2.52E-03	4.95E-04	6.88E-04	2.65E-04	3.76E-04	1.90E-04	1.23E-03	2.05E-04
2.75	8.68E-03	3.85E-04	2.13E-02	2.40E-03	1.93E-02	2.25E-03	1.72E-02	2.05E-03	1.58E-02	1.95E-03	1.45E-02	1.35E-03	1.13E-02	1.15E-03	7.08E-03	9.00E-04	3.64E-03	6.50E-04	1.63E-03	4.30E-04	6.15E-04	2.65E-04	3.78E-04	2.10E-04	8.97E-04	1.85E-04
2.85	6.33E-03	3.35E-04	1.37E-02	2.00E-03	1.42E-02	2.00E-03	1.26E-02	1.85E-03	1.34E-02	1.90E-03	1.03E-02	1.15E-03	8.15E-03	1.04E-03	5.45E-03	8.30E-04	2.49E-03	5.60E-04	1.30E-03	4.05E-04	4.83E-04	2.45E-04	2.25E-04	1.70E-04	6.86E-04	1.70E-04
2.95	5.06E-03	3.15E-04	1.06E-02	1.85E-03	1.12E-02	1.90E-03	1.04E-02	1.80E-03	1.01E-02	1.75E-03	8.89E-03	1.20E-03	6.28E-03	9.70E-04	4.11E-03	7.70E-04	1.95E-03	5.30E-04	1.21E-03	4.15E-04	4.82E-04	2.60E-04	1.97E-04	1.70E-04	6.44E-04	1.75E-04
