#pt	yield	yield*vn_cos[1]	 yield*vn_sin[1]	yield*vn_cos[2]	 yield*vn_sin[2]	yield*vn_cos[3]	 yield*vn_sin[3]	yield*vn_cos[4]	 yield*vn_sin[4]	yield*vn_cos[5]	 yield*vn_sin[5]	yield*vn_cos[6]	 yield*vn_sin[6]
2.0000000000e-01	1.9879184185e-01	-3.0044020351e-04	8.8163149187e-04	1.3129559486e-03	2.2236424400e-03	2.6965646888e-04	1.2169352949e-03	1.2684197198e-05	1.0524439632e-04	-5.2591884003e-06	1.2629499593e-06	-1.9711802671e-06	4.4438258739e-06
4.0000000000e-01	2.0659946023e-02	-1.8879727739e-05	1.6629366487e-04	2.3871794354e-04	4.1302633882e-04	6.2464539423e-05	2.7934306611e-04	3.5684455161e-06	2.9802368153e-05	-2.3359239749e-06	4.1565405083e-07	-4.6062747766e-07	2.0286791373e-06
6.0000000000e-01	3.8257877264e-03	2.1281766073e-06	4.8329591589e-05	6.2554916637e-05	1.1070889586e-04	1.9274183823e-05	8.5693787092e-05	1.2153878942e-06	1.0358538704e-05	-8.7923198959e-07	1.6601331403e-07	-2.0850390785e-07	8.2788434707e-07
8.0000000000e-01	9.1936178058e-04	2.8092463190e-06	1.7058561583e-05	1.9255203389e-05	3.5163729489e-05	6.8861711840e-06	3.0332024644e-05	4.7571502274e-07	4.1230809876e-06	-3.7443833286e-07	7.7045284731e-08	-9.7696718309e-08	3.8459760707e-07
1.0000000000e+00	2.5664786057e-04	1.6852006146e-06	6.6104887315e-06	6.4232672164e-06	1.2231215074e-05	2.6422138855e-06	1.1487216049e-05	1.9668727678e-07	1.7485567253e-06	-1.6874862627e-07	3.8920605640e-08	-4.9617255365e-08	1.9074837107e-07
1.2000000000e+00	7.9005151328e-05	8.6619039413e-07	2.6875487418e-06	2.2429244780e-06	4.4988182788e-06	1.0535759103e-06	4.5038822042e-06	8.3070454109e-08	7.6267082604e-07	-7.7905714914e-08	2.0484694488e-08	-2.6018121427e-08	9.7198620467e-08
1.4000000000e+00	2.6055693412e-05	4.1929940398e-07	1.1225685503e-06	8.0601467588e-07	1.7189364873e-06	4.3012424953e-07	1.8018300627e-06	3.5189848766e-08	3.3673518781e-07	-3.6340612561e-08	1.0905838642e-08	-1.3745833477e-08	4.9740841041e-08
1.6000000000e+00	9.0445384242e-06	1.9717557376e-07	4.7692542490e-07	2.9525675421e-07	6.7538619775e-07	1.7848655654e-07	7.3061954865e-07	1.4846666937e-08	1.4947887766e-07	-1.7007919448e-08	5.7934963746e-09	-7.2229433908e-09	2.5293337700e-08
1.8000000000e+00	3.2662365272e-06	9.1306232572e-08	2.0505752104e-07	1.0958373508e-07	2.7115453568e-07	7.4990369232e-08	2.9930464753e-07	6.2156437415e-09	6.6528151693e-08	-7.9718475714e-09	3.0534276602e-09	-3.7566612050e-09	1.2726194277e-08
2.0000000000e+00	1.2172765487e-06	4.1926057538e-08	8.8985531982e-08	4.1029043434e-08	1.1076560607e-07	3.1828426876e-08	1.2366735564e-07	2.5775255868e-09	2.9659297704e-08	-3.7398222590e-09	1.5933793212e-09	-1.9307903330e-09	6.3296841870e-09
2.2000000000e+00	4.6547705639e-07	1.9164217720e-08	3.8914086809e-08	1.5442388892e-08	4.5899723057e-08	1.3626774883e-08	5.1487857980e-08	1.0574597093e-09	1.3242708431e-08	-1.7558176825e-09	8.2290936987e-10	-9.8111504929e-10	3.1143294217e-09
2.4000000000e+00	1.8184943209e-07	8.7404396412e-09	1.7132306244e-08	5.8243956236e-09	1.9251981422e-08	5.8786757500e-09	2.1587517573e-08	4.2871364538e-10	5.9226448031e-09	-8.2507275360e-10	4.2086468393e-10	-4.9344204900e-10	1.5177872470e-09
2.6000000000e+00	7.2345771032e-08	3.9832860543e-09	7.5884752026e-09	2.1944980702e-09	8.1597196056e-09	2.5534541467e-09	9.1108407329e-09	1.7148646525e-10	2.6538866127e-09	-3.8806017638e-10	2.1334111867e-10	-2.4598239212e-10	7.3377306802e-10
2.8000000000e+00	2.9234825886e-08	1.8155988352e-09	3.3799134918e-09	8.2311049857e-10	3.4901920803e-09	1.1159713832e-09	3.8691865377e-09	6.7514343667e-11	1.1917477810e-09	-1.8268994744e-10	1.0730204243e-10	-1.2169451809e-10	3.5238531321e-10
3.0000000000e+00	1.1975667020e-08	8.2820511102e-10	1.5131913234e-09	3.0603915545e-10	1.5050579308e-09	4.9047504525e-10	1.6528964104e-09	2.6064085873e-11	5.3642387300e-10	-8.6086964272e-11	5.3601692089e-11	-5.9828062145e-11	1.6832992073e-10
3.2000000000e+00	4.9648550006e-09	3.7824797728e-10	6.8072061123e-10	1.1215492634e-10	6.5377278992e-10	2.1667760605e-10	7.1008754571e-10	9.8078687153e-12	2.4205925211e-10	-4.0602694056e-11	2.6622562450e-11	-2.9257529330e-11	8.0060997469e-11
3.4000000000e+00	2.0803876932e-09	1.7300632146e-10	3.0761603357e-10	4.0181221092e-11	2.8587955139e-10	9.6177758580e-11	3.0669254950e-10	3.5617431980e-12	1.0951517735e-10	-1.9165430197e-11	1.3152521733e-11	-1.4248074970e-11	3.7957662289e-11
3.6000000000e+00	8.8007724483e-10	7.9266078846e-11	1.3960430472e-10	1.3878794752e-11	1.2576725064e-10	4.2878123260e-11	1.3314094305e-10	1.2232398953e-12	4.9680691049e-11	-9.0538483483e-12	6.4723993975e-12	-6.9104967202e-12	1.7954630284e-11
3.8000000000e+00	3.7549483904e-10	3.6383529679e-11	6.3611526368e-11	4.5043741088e-12	5.5638681102e-11	1.9194693318e-11	5.8082847959e-11	3.8161089042e-13	2.2598132659e-11	-4.2813296773e-12	3.1749693240e-12	-3.3459334078e-12	8.4782114459e-12
4.0000000000e+00	1.6144311132e-10	1.6730160440e-11	2.9096099488e-11	1.3007193005e-12	2.4741464091e-11	8.6259853478e-12	2.5464848255e-11	9.7441885863e-14	1.0306529425e-11	-2.0280218557e-12	1.5516678688e-12	-1.6161656793e-12	3.9977408816e-12
