#pt	yield	yield*vn_cos[1]	 yield*vn_sin[1]	yield*vn_cos[2]	 yield*vn_sin[2]	yield*vn_cos[3]	 yield*vn_sin[3]	yield*vn_cos[4]	 yield*vn_sin[4]	yield*vn_cos[5]	 yield*vn_sin[5]	yield*vn_cos[6]	 yield*vn_sin[6]
2.0000000000e-01	1.9652460718e-01	-3.2215444710e-03	7.4074777932e-03	3.3522816167e-03	5.8615458184e-03	6.3117380574e-04	7.1041378641e-03	-1.8284931011e-04	1.0112011179e-03	7.5722551615e-05	-1.3301549564e-04	-9.2219257127e-05	3.0459015007e-05
4.0000000000e-01	2.4321764499e-02	-3.7293526056e-04	1.1544010674e-03	6.1799695671e-04	1.0828866601e-03	1.5037123679e-04	1.6433972550e-03	-5.4009055861e-05	2.9576564414e-04	2.7333989981e-05	-4.7496621648e-05	-3.9831987389e-05	1.3197669688e-05
6.0000000000e-01	5.6125637079e-03	-7.6033685821e-05	2.9620887688e-04	1.6695063011e-04	2.9280724557e-04	4.5707150480e-05	4.7517376709e-04	-1.7858733183e-05	9.5859374598e-05	1.0149539555e-05	-1.7185402415e-05	-1.6746507227e-05	5.5357798753e-06
8.0000000000e-01	1.7883329017e-03	-2.2647018634e-05	1.0075407268e-04	5.9342274926e-05	1.0372055710e-04	1.6979955899e-05	1.7265788722e-04	-6.7850106110e-06	3.5541744392e-05	3.9758040036e-06	-6.2428143289e-06	-6.9393035000e-06	2.2383709157e-06
1.0000000000e+00	6.9121990846e-04	-7.9862405170e-06	4.1501754818e-05	2.5483849316e-05	4.4428908537e-05	7.4860588581e-06	7.7333395717e-05	-3.0397249563e-06	1.5982034018e-05	1.7679834662e-06	-2.6639585471e-06	-3.0037748864e-06	9.3423512577e-07
1.2000000000e+00	2.9846621349e-04	-2.7017365464e-06	1.9263347266e-05	1.2221394531e-05	2.1341033505e-05	3.7837172808e-06	3.9372448685e-05	-1.5858824884e-06	8.4728672237e-06	9.3285620912e-07	-1.4693986379e-06	-1.5366407658e-06	4.7768018602e-07
1.4000000000e+00	1.3688074682e-04	-6.5038630602e-07	9.5260396265e-06	6.1927562023e-06	1.0851356500e-05	2.0820343531e-06	2.1156105020e-05	-9.1222709959e-07	4.8777759749e-06	5.5839356916e-07	-9.2466172213e-07	-9.4189314351e-07	3.0233459678e-07
1.6000000000e+00	6.4833455562e-05	7.9354772899e-08	4.8494132868e-06	3.2142875562e-06	5.6456166090e-06	1.1892522319e-06	1.1531620834e-05	-5.4619685723e-07	2.8692948013e-06	3.5235444644e-07	-5.8365813980e-07	-6.2951065676e-07	2.0651016477e-07
1.8000000000e+00	3.1255778823e-05	2.6788522792e-07	2.4966881117e-06	1.6833619046e-06	2.9556470436e-06	6.8464176273e-07	6.2755217481e-06	-3.2838669079e-07	1.6780257876e-06	2.2354355672e-07	-3.5305542203e-07	-4.2378376686e-07	1.3867997829e-07
2.0000000000e+00	1.5223721634e-05	2.5854548643e-07	1.2894264348e-06	8.8363128313e-07	1.5460467567e-06	3.9172158002e-07	3.3929852807e-06	-1.9506586782e-07	9.6728060810e-07	1.3975748831e-07	-2.0365255196e-07	-2.7825041794e-07	8.9061788928e-08
2.2000000000e+00	7.4637040181e-06	1.9559862067e-07	6.6578677911e-07	4.6368752434e-07	8.0602127638e-07	2.2161421968e-07	1.8214975884e-06	-1.1389966601e-07	5.4907658446e-07	8.5607764459e-08	-1.1270376445e-07	-1.7701697259e-07	5.4675287634e-08
2.4000000000e+00	3.6764026016e-06	1.3250594170e-07	3.4332688378e-07	2.4304791285e-07	4.1864397528e-07	1.2385911922e-07	9.7179083624e-07	-6.5367611761e-08	3.0744000902e-07	5.1379017247e-08	-6.0275519409e-08	-1.0938027856e-07	3.2295168721e-08
2.6000000000e+00	1.8177197368e-06	8.4225746484e-08	1.7679723233e-07	1.2725088072e-07	2.1672332047e-07	6.8441416898e-08	5.1588986887e-07	-3.6938364471e-08	1.7018365926e-07	3.0271746426e-08	-3.1339332069e-08	-6.5950714775e-08	1.8482407866e-08
2.8000000000e+00	9.0172055362e-07	5.1368910334e-08	9.0943839382e-08	6.6565995543e-08	1.1190346942e-07	3.7442622706e-08	2.7283982315e-07	-2.0600320856e-08	9.3335930969e-08	1.7550825498e-08	-1.5909817642e-08	-3.8979708734e-08	1.0307784751e-08
3.0000000000e+00	4.4871120122e-07	3.0441749409e-08	4.6751168806e-08	3.4803676044e-08	5.7675948866e-08	2.0309367505e-08	1.4390650219e-07	-1.1364258648e-08	5.0812229429e-08	1.0035402877e-08	-7.9084024136e-09	-2.2671785515e-08	5.6270134313e-09
3.2000000000e+00	2.2395994976e-07	1.7666950831e-08	2.4028484123e-08	1.8194195357e-08	2.9694354574e-08	1.0936635510e-08	7.5761708462e-08	-6.2139841634e-09	2.7501185817e-08	5.6701392608e-09	-3.8548398041e-09	-1.3017598439e-08	3.0164549978e-09
3.4000000000e+00	1.1211494009e-07	1.0093758248e-08	1.2352368468e-08	9.5128780398e-09	1.5281246289e-08	5.8535817156e-09	3.9839780645e-08	-3.3738826416e-09	1.4816603429e-08	3.1709180772e-09	-1.8429559435e-09	-7.3971787465e-09	1.5914905165e-09
3.6000000000e+00	5.6290642736e-08	5.6982315801e-09	6.3535080375e-09	4.9759412360e-09	7.8648165860e-09	3.1168979010e-09	2.0937305247e-08	-1.8216974129e-09	7.9543672989e-09	1.7575026461e-09	-8.6323394576e-10	-4.1683098077e-09	8.2760498896e-10
3.8000000000e+00	2.8345230312e-08	3.1870153067e-09	3.2706952190e-09	2.6044379412e-09	4.0501037027e-09	1.6524370469e-09	1.1001427545e-08	-9.7940539501e-10	4.2587612964e-09	9.6651039790e-10	-3.9502683250e-10	-2.3329446981e-09	4.2450075472e-10
4.0000000000e+00	1.4314779704e-08	1.7695118292e-09	1.6855044892e-09	1.3642668784e-09	2.0876717965e-09	8.7277480545e-10	5.7816054280e-09	-5.2487638796e-10	2.2754868176e-09	5.2784606873e-10	-1.7568149281e-10	-1.2985345362e-09	2.1478646151e-10
