#pt	yield	yield*vn_cos[1]	 yield*vn_sin[1]	yield*vn_cos[2]	 yield*vn_sin[2]	yield*vn_cos[3]	 yield*vn_sin[3]	yield*vn_cos[4]	 yield*vn_sin[4]	yield*vn_cos[5]	 yield*vn_sin[5]	yield*vn_cos[6]	 yield*vn_sin[6]
2.0000000000e-01	2.2808211547e-03	1.2438049920e-05	-1.8734302682e-05	-1.7527687718e-06	-3.3951410576e-06	9.3832270463e-07	9.9684240149e-06	-5.0650839483e-08	6.6972623208e-08	-6.2826580144e-08	3.3964212041e-08	-1.3098786151e-08	2.6647096209e-08
4.0000000000e-01	1.6466817388e-03	-4.3142824871e-06	1.6770907494e-05	-9.7287502158e-06	-1.6500924906e-05	-1.7995802148e-06	-1.9638372817e-05	-5.6837941396e-08	9.4764633381e-07	2.6824212162e-07	-6.3847961646e-07	-2.6269464383e-07	9.7793537865e-08
6.0000000000e-01	9.4775368220e-04	-1.7034454657e-05	2.3154603584e-05	2.1631254684e-06	3.8455790515e-06	-1.2617509085e-06	-2.0732920687e-05	7.3121771019e-07	-4.3859531216e-06	-1.8462397907e-07	2.9404354638e-07	-2.1563877406e-07	8.2094123974e-08
8.0000000000e-01	5.4551511400e-04	-1.3578352771e-05	1.9325246140e-05	7.7019773040e-06	1.3101715544e-05	2.2942710018e-07	3.0445178473e-06	3.8997820383e-07	-2.5420307184e-06	-3.5586034339e-07	8.6590060702e-07	4.9472404885e-07	-1.8644244947e-07
1.0000000000e+00	3.0768455512e-04	-7.7040156920e-06	1.3992776557e-05	7.4867094375e-06	1.2856911877e-05	9.5700936267e-07	1.4413532191e-05	-6.8980754326e-08	5.3941425382e-07	-1.5673922832e-07	3.5507063945e-07	5.1202675071e-07	-1.9389984831e-07
1.2000000000e+00	1.6839739147e-04	-3.5770292987e-06	9.2043061355e-06	5.4889501765e-06	9.5536198226e-06	1.0916847155e-06	1.4742806759e-05	-3.0059515087e-07	1.9578169479e-06	5.1529864266e-08	-1.6641733223e-07	1.6126081107e-07	-5.5810588097e-08
1.4000000000e+00	8.9778145210e-05	-1.3555252927e-06	5.6426381674e-06	3.5448729735e-06	6.2326103733e-06	9.2903612506e-07	1.1134146494e-05	-3.4015385661e-07	2.0512323405e-06	1.4560635947e-07	-3.5960041952e-07	-1.1302306228e-07	4.8313537088e-08
1.6000000000e+00	4.6930902380e-05	-3.4688089597e-07	3.2897996763e-06	2.1320962691e-06	3.7699049486e-06	6.8239980620e-07	7.3308927793e-06	-2.8700652404e-07	1.6173544218e-06	1.5658248960e-07	-3.3840275801e-07	-2.2225672317e-07	8.5825412652e-08
1.8000000000e+00	2.4193421316e-05	3.3590564151e-08	1.8511273512e-06	1.2279268614e-06	2.1727717676e-06	4.5745422869e-07	4.4725415210e-06	-2.0916158076e-07	1.1145315864e-06	1.2968362682e-07	-2.4667193526e-07	-2.2308436224e-07	8.1469640216e-08
2.0000000000e+00	1.2353872733e-05	1.3522207531e-07	1.0156943262e-06	6.8738305425e-07	1.2120581761e-06	2.8846193945e-07	2.6039519107e-06	-1.3961082363e-07	7.1022202002e-07	9.4446561311e-08	-1.5762214283e-07	-1.7910248790e-07	6.2087758708e-08
2.2000000000e+00	6.2688619729e-06	1.3211788398e-07	5.4747135585e-07	3.7746688993e-07	6.6094427239e-07	1.7414528059e-07	1.4704947976e-06	-8.7900386608e-08	4.3049886325e-07	6.3579833196e-08	-9.2821257973e-08	-1.2790550357e-07	4.1984465537e-08
2.4000000000e+00	3.1687018122e-06	1.0024519168e-07	2.9133106143e-07	2.0452810425e-07	3.5466417940e-07	1.0183505546e-07	8.1343744853e-07	-5.3095904679e-08	2.5221101660e-07	4.0635239248e-08	-5.1729384864e-08	-8.5005456529e-08	2.6342846247e-08
2.6000000000e+00	1.5982111706e-06	6.7943063082e-08	1.5362457484e-07	1.0979689062e-07	1.8813689692e-07	5.8151795791e-08	4.4357054299e-07	-3.1112193180e-08	1.4424004834e-07	2.5014991431e-08	-2.7681014155e-08	-5.3825529388e-08	1.5705177820e-08
2.8000000000e+00	8.0537732866e-07	4.3182111600e-08	8.0490718613e-08	5.8563367312e-08	9.8984540130e-08	3.2602653202e-08	2.3945549269e-07	-1.7818196923e-08	8.1059799668e-08	1.4971169309e-08	-1.4354907623e-08	-3.2934575155e-08	9.0146485596e-09
3.0000000000e+00	4.0585982658e-07	2.6332826424e-08	4.1984172894e-08	3.1094138831e-08	5.1777075937e-08	1.8021375305e-08	1.2834664668e-07	-1.0030181901e-08	4.4963752650e-08	8.7667461348e-09	-7.2531812305e-09	-1.9649983833e-08	5.0273398316e-09
3.2000000000e+00	2.0467356010e-07	1.5606271003e-08	2.1833586511e-08	1.6458295705e-08	2.6975515758e-08	9.8502178308e-09	6.8446651975e-08	-5.5713990241e-09	2.4697751646e-08	5.0455591501e-09	-3.5823855964e-09	-1.1503650005e-08	2.7399555821e-09
3.4000000000e+00	1.0334191361e-07	9.0602366517e-09	1.1332858323e-08	8.6935697001e-09	1.4017577947e-08	5.3354076692e-09	3.6373902002e-08	-3.0629523129e-09	1.3465239095e-08	2.8628715066e-09	-1.7316157836e-09	-6.6369778565e-09	1.4644502433e-09
3.6000000000e+00	5.2261258505e-08	5.1792808404e-09	5.8760606732e-09	4.5862037872e-09	7.2726686937e-09	2.8689105719e-09	1.9283351029e-08	-1.6704888168e-09	7.2994868459e-09	1.6055748890e-09	-8.1889744441e-10	-3.7856300365e-09	7.6972900868e-10
3.8000000000e+00	2.6478085237e-08	2.9261910016e-09	3.0454828757e-09	2.4177548012e-09	3.7706130784e-09	1.5333885340e-09	1.0206921850e-08	-9.0558427295e-10	3.9398764813e-09	8.9148013621e-10	-3.7803522040e-10	-2.1398545410e-09	3.9837215903e-10
4.0000000000e+00	1.3442454932e-08	1.6382065449e-09	1.5785650704e-09	1.2742700974e-09	1.9548154948e-09	8.1545904165e-10	5.3976131795e-09	-4.8870935866e-10	2.1194799622e-09	4.9078026315e-10	-1.6956380354e-10	-1.2008776669e-09	2.0312255444e-10
