#pt	yield	yield*vn_cos[1]	 yield*vn_sin[1]	yield*vn_cos[2]	 yield*vn_sin[2]	yield*vn_cos[3]	 yield*vn_sin[3]	yield*vn_cos[4]	 yield*vn_sin[4]	yield*vn_cos[5]	 yield*vn_sin[5]	yield*vn_cos[6]	 yield*vn_sin[6]
2.0000000000e-01	6.4441765145e+00	-3.2165236180e-02	2.9576609717e-02	9.6358597964e-02	1.1062355929e-01	-3.6272335018e-02	2.3290214166e-01	-8.3437277710e-04	2.5267144115e-02	-3.2382411794e-03	4.9599089344e-03	-8.8446683867e-03	-2.0059165308e-03
4.0000000000e-01	7.1117463349e-01	-2.3095352435e-03	3.9182342198e-03	1.8243541420e-02	2.1362845306e-02	-8.8282590571e-03	5.6541566690e-02	-2.2801361775e-04	7.6935521113e-03	-1.2173963539e-03	1.8267118118e-03	-4.0413512582e-03	-8.9975809008e-04
6.0000000000e-01	1.3905422885e-01	8.8480852657e-05	7.1865019555e-04	4.7380876096e-03	5.6898218865e-03	-2.6813252119e-03	1.7024443700e-02	-7.8656610043e-05	2.6345969892e-03	-4.6102381218e-04	6.4784117390e-04	-1.7095629287e-03	-3.8416328771e-04
8.0000000000e-01	3.5613757668e-02	2.1979677050e-04	1.2705187272e-04	1.4534855546e-03	1.8071827698e-03	-9.3306555422e-04	5.8754772272e-03	-3.0365619759e-05	1.0008255453e-03	-1.8554210507e-04	2.3503413515e-04	-7.5640158309e-04	-1.7343561073e-04
1.0000000000e+00	1.0699746916e-02	1.4028246482e-04	8.7645702344e-06	4.9119236715e-04	6.4009126848e-04	-3.5308042332e-04	2.2124081766e-03	-1.2049660095e-05	4.0751935077e-04	-7.8392902174e-05	8.5318880087e-05	-3.4708348605e-04	-8.1691685743e-05
1.2000000000e+00	3.5755629068e-03	7.5997258016e-05	-1.0137871722e-05	1.7633657183e-04	2.4425715839e-04	-1.4133014609e-04	8.8476799734e-04	-4.7512127712e-06	1.7426217602e-04	-3.4395616736e-05	3.0272528085e-05	-1.6331046289e-04	-3.9581652295e-05
1.4000000000e+00	1.2899367286e-03	3.9252734718e-05	-9.1734746440e-06	6.5844065540e-05	9.8459549114e-05	-5.8923313124e-05	3.6985899882e-04	-1.8429139409e-06	7.7298800609e-05	-1.5556585409e-05	1.0185465460e-05	-7.8237004938e-05	-1.9559729402e-05
1.6000000000e+00	4.9319983357e-04	1.9963232277e-05	-5.7918896098e-06	2.5226540262e-05	4.1412968235e-05	-2.5354978367e-05	1.5999794260e-04	-7.0254234013e-07	3.5284177010e-05	-7.2165063843e-06	3.0547369989e-06	-3.8002861425e-05	-9.8112637768e-06
1.8000000000e+00	1.9741708458e-04	1.0116995933e-05	-3.2590948507e-06	9.8196419202e-06	1.8026853048e-05	-1.1197044068e-05	7.1142737388e-05	-2.6526531462e-07	1.6481985875e-05	-3.4212768585e-06	6.6654673289e-07	-1.8668707764e-05	-4.9824411979e-06
2.0000000000e+00	8.2022261132e-05	5.1346115075e-06	-1.7417501430e-06	3.8522038134e-06	8.0739690294e-06	-5.0559379467e-06	3.2360944424e-05	-1.0124479136e-07	7.8469645395e-06	-1.6533724394e-06	-3.9515007695e-08	-9.2595112204e-06	-2.5575801945e-06
2.2000000000e+00	3.5152318078e-05	2.6156346257e-06	-9.0684272551e-07	1.5111678075e-06	3.7049078683e-06	-2.3284730432e-06	1.5006460972e-05	-4.0686116566e-08	3.7960417241e-06	-8.1292618636e-07	-1.8529133304e-07	-4.6317459830e-06	-1.3256634671e-06
2.4000000000e+00	1.5467240667e-05	1.3387700526e-06	-4.6569979760e-07	5.8754506677e-07	1.7360705789e-06	-1.0917702950e-06	7.0755928060e-06	-1.8253629141e-08	1.8615788674e-06	-4.0606455513e-07	-1.6803468892e-07	-2.3346754001e-06	-6.9327350284e-07
2.6000000000e+00	6.9619816678e-06	6.8878785293e-07	-2.3748187353e-07	2.2370543059e-07	8.2858460573e-07	-5.2046206693e-07	3.3852455872e-06	-9.5418576243e-09	9.2375892848e-07	-2.0581817593e-07	-1.1922579925e-07	-1.1851181462e-06	-3.6554114876e-07
2.8000000000e+00	3.1964561027e-06	3.5627132453e-07	-1.2072612307e-07	8.1816801172e-08	4.0196305030e-07	-2.5198058568e-07	1.6408043508e-06	-5.7345724174e-09	4.6316677256e-07	-1.0574751641e-07	-7.6465789541e-08	-6.0552902274e-07	-1.9419883036e-07
3.0000000000e+00	1.4935394980e-06	1.8526462389e-07	-6.1324063584e-08	2.7685210999e-08	1.9786892836e-07	-1.2378077052e-07	8.0462052576e-07	-3.7493948494e-09	2.3437927920e-07	-5.5022547149e-08	-4.6490612588e-08	-3.1129316451e-07	-1.0388901601e-07
3.2000000000e+00	7.0885008697e-07	9.6847089461e-08	-3.1169703041e-08	7.8685340850e-09	9.8695207116e-08	-6.1641038993e-08	3.9876882738e-07	-2.5319597504e-09	1.1959233309e-07	-2.8966533499e-08	-2.7380413076e-08	-1.6095984558e-07	-5.5931001372e-08
3.4000000000e+00	3.4119119716e-07	5.0887724525e-08	-1.5865678663e-08	1.1669000096e-09	4.9822237475e-08	-3.1092747761e-08	1.9954948982e-07	-1.7138366198e-09	6.1484335021e-08	-1.5415243924e-08	-1.5801957240e-08	-8.3685560089e-08	-3.0287270352e-08
3.6000000000e+00	1.6633031798e-07	2.6872853909e-08	-8.0909124270e-09	-7.2958838384e-10	2.5428152357e-08	-1.5873470573e-08	1.0074950780e-07	-1.1475905690e-09	3.1830024806e-08	-8.2854492664e-09	-8.9983263456e-09	-4.3737762894e-08	-1.6488305737e-08
3.8000000000e+00	8.2032343720e-08	1.4260248294e-08	-4.1344855547e-09	-1.0020379787e-09	1.3109500550e-08	-8.1952773327e-09	5.1287183462e-08	-7.5700400558e-10	1.6584440141e-08	-4.4938677601e-09	-5.0780702023e-09	-2.2973979297e-08	-9.0199379570e-09
4.0000000000e+00	4.0890068211e-08	7.6031061735e-09	-2.1170039770e-09	-8.1683715759e-10	6.8218380072e-09	-4.2755713790e-09	2.6308584837e-08	-4.9182977797e-10	8.6930419604e-09	-2.4575535299e-09	-2.8484146249e-09	-1.2125515871e-08	-4.9563957200e-09
