#pt	yield	yield*vn_cos[1]	 yield*vn_sin[1]	yield*vn_cos[2]	 yield*vn_sin[2]	yield*vn_cos[3]	 yield*vn_sin[3]	yield*vn_cos[4]	 yield*vn_sin[4]	yield*vn_cos[5]	 yield*vn_sin[5]	yield*vn_cos[6]	 yield*vn_sin[6]
2.0000000000e-01	4.7908092256e-02	2.2704401687e-04	-1.6739976582e-04	5.0818290689e-04	9.5561047459e-04	1.6199856590e-04	9.5192613670e-04	7.6436198386e-06	1.0928146948e-04	-1.3408801213e-05	-5.0737754032e-06	-1.9812336769e-06	7.4247311731e-06
4.0000000000e-01	5.1770200996e-03	4.5277605361e-05	1.0561690024e-05	9.0415970195e-05	1.7846271648e-04	3.7520182770e-05	2.1729793936e-04	1.8999757313e-06	3.1402756143e-05	-4.8765499085e-06	-1.9448814654e-06	-1.0229410568e-06	2.9832012711e-06
6.0000000000e-01	9.9515481232e-04	1.3230589243e-05	1.0585225139e-05	2.2382254118e-05	4.6707199833e-05	1.1074437510e-05	6.2897840512e-05	6.2738480199e-07	1.0527515688e-05	-1.8436299598e-06	-7.0690454285e-07	-4.0930222931e-07	1.2196139584e-06
8.0000000000e-01	2.4949469083e-04	4.5981438633e-06	5.3276127243e-06	6.5078346049e-06	1.4573587592e-05	3.7354846703e-06	2.0655637891e-05	2.2771306937e-07	3.9312480731e-06	-7.6572308084e-07	-2.7824803093e-07	-1.8383765913e-07	5.4237533529e-07
1.0000000000e+00	7.2858113337e-05	1.7488676197e-06	2.4292796918e-06	2.0730179741e-06	5.0467847599e-06	1.3607645085e-06	7.2714826709e-06	8.5773839917e-08	1.5544326307e-06	-3.3584931839e-07	-1.1153613698e-07	-8.5414870971e-08	2.5101303739e-07
1.2000000000e+00	2.3480928159e-05	7.0181509281e-07	1.0806725497e-06	6.9826035733e-07	1.8706340054e-06	5.2080691057e-07	2.6754966525e-06	3.2627788003e-08	6.3594282567e-07	-1.5172249318e-07	-4.4442971315e-08	-4.0233063479e-08	1.1762097590e-07
1.4000000000e+00	8.1068787858e-06	2.9164604903e-07	4.7868317923e-07	2.4364433718e-07	7.2687222643e-07	2.0643768947e-07	1.0162552410e-06	1.2379156620e-08	2.6623228398e-07	-6.9854424951e-08	-1.7202552487e-08	-1.8934801604e-08	5.5113767306e-08
1.6000000000e+00	2.9447695558e-06	1.2421990964e-07	2.1262727214e-07	8.6884191556e-08	2.9235270359e-07	8.3987838868e-08	3.9575530294e-07	4.6473822119e-09	1.1341677283e-07	-3.2537674836e-08	-6.3914666958e-09	-8.8741942157e-09	2.5684898361e-08
1.8000000000e+00	1.1122582095e-06	5.3886089157e-08	9.4964461838e-08	3.1336668476e-08	1.2071423148e-07	3.4873614086e-08	1.5731813949e-07	1.7061878486e-09	4.9012151136e-08	-1.5271789565e-08	-2.2404796200e-09	-4.1431932669e-09	1.1899406780e-08
2.0000000000e+00	4.3333214188e-07	2.3710664010e-08	4.2685411321e-08	1.1332181448e-08	5.0884219396e-08	1.4720658577e-08	6.3641246208e-08	6.0384471288e-10	2.1441491536e-08	-7.2058548106e-09	-7.1344622338e-10	-1.9291240981e-09	5.4848570539e-09
2.2000000000e+00	1.7314135252e-07	1.0553365371e-08	1.9312746868e-08	4.0722876785e-09	2.1811255048e-08	6.2987191889e-09	2.6140290377e-08	2.0034704544e-10	9.4812940681e-09	-3.4123295830e-09	-1.8642295776e-10	-8.9759269440e-10	2.5182883931e-09
2.4000000000e+00	7.0648520598e-08	4.7421417776e-09	8.7940923207e-09	1.4381358231e-09	9.4800367154e-09	2.7262925114e-09	1.0881763206e-08	5.8514079314e-11	4.2328363980e-09	-1.6202076909e-09	-2.2825313532e-11	-4.1800244521e-10	1.1532230717e-09
2.6000000000e+00	2.9344808858e-08	2.1482336649e-09	4.0289855117e-09	4.9101441794e-10	4.1691689278e-09	1.1917165911e-09	4.5841062662e-09	1.2055722759e-11	1.9059535575e-09	-7.7090783097e-10	1.7393398765e-11	-1.9509698365e-10	5.2722487162e-10
2.8000000000e+00	1.2376573592e-08	9.8006235810e-10	1.8565411542e-09	1.5737661276e-10	1.8522098750e-09	5.2542618182e-10	1.9517933966e-09	-1.1453005125e-12	8.6485536459e-10	-3.6746591218e-10	2.0362495908e-11	-9.1358902378e-11	2.4085883054e-10
3.0000000000e+00	5.2899787916e-09	4.4992252572e-10	8.6013734771e-10	4.4247341984e-11	8.3019391658e-10	2.3342531008e-10	8.3901954364e-10	-3.5843324981e-12	3.9518992124e-10	-1.7544551961e-10	1.4870282207e-11	-4.2946318643e-11	1.1002736567e-10
3.2000000000e+00	2.2877161570e-09	2.0771131298e-10	4.0052967464e-10	8.5390793617e-12	3.7504061264e-10	1.0440561795e-10	3.6380869085e-10	-3.0657159838e-12	1.8172717703e-10	-8.3894219631e-11	9.3072689945e-12	-2.0272700512e-11	5.0287265096e-11
3.4000000000e+00	9.9972924833e-10	9.6382412941e-11	1.8739780559e-10	-1.1315026411e-12	1.7061867101e-10	4.6984034866e-11	1.5899926128e-10	-2.0754715649e-12	8.4051005075e-11	-4.0177656764e-11	5.3962083549e-12	-9.6111846619e-12	2.3004634607e-11
3.6000000000e+00	4.4099069665e-10	4.4933450993e-11	8.8069705414e-11	-2.7284563624e-12	7.8114613078e-11	2.1260998219e-11	6.9990481340e-11	-1.2704681464e-12	3.9080472558e-11	-1.9270773675e-11	2.9906458111e-12	-4.5756507323e-12	1.0536771008e-11
3.8000000000e+00	1.9618006300e-10	2.1039176800e-11	4.1562512461e-11	-2.2356848982e-12	3.5970856808e-11	9.6697586035e-12	3.1013178875e-11	-7.3570576021e-13	1.8259348555e-11	-9.2572710950e-12	1.6097832087e-12	-2.1870493937e-12	4.8332487277e-12
4.0000000000e+00	8.7948871011e-11	9.8911119037e-12	1.9691568746e-11	-1.4711212884e-12	1.6652342987e-11	4.4184469916e-12	1.3825762330e-11	-4.1152324725e-13	8.5694432018e-12	-4.4539529703e-12	8.4933405615e-13	-1.0491895737e-12	2.2206751859e-12
