#pt	yield	yield*vn_cos[1]	 yield*vn_sin[1]	yield*vn_cos[2]	 yield*vn_sin[2]	yield*vn_cos[3]	 yield*vn_sin[3]	yield*vn_cos[4]	 yield*vn_sin[4]	yield*vn_cos[5]	 yield*vn_sin[5]	yield*vn_cos[6]	 yield*vn_sin[6]
2.0000000000e-01	1.8246585704e-02	-3.1432311370e-07	-8.5494413465e-06	1.0717790994e-04	2.2168801121e-04	3.9871782583e-05	1.7892462431e-04	1.6619870546e-06	1.4360759996e-05	-3.8312192182e-06	-5.5468957669e-09	-7.9752047339e-08	6.6494990797e-07
4.0000000000e-01	1.9471190446e-03	2.8936630101e-06	3.8600318880e-06	1.7538955446e-05	3.9039948096e-05	8.9134191295e-06	3.9556554497e-05	5.0040998124e-07	4.1058386554e-06	-1.3633166774e-06	1.1256576677e-09	-3.5800526688e-08	2.8448160791e-07
6.0000000000e-01	4.1536961403e-04	1.1116723763e-06	1.5795477783e-06	4.1700754508e-06	1.0074538332e-05	2.4195298589e-06	1.0479715823e-05	1.6913125413e-07	1.2664327413e-06	-4.9432047979e-07	1.7046599179e-09	-1.4448745560e-08	1.1941463819e-07
8.0000000000e-01	1.2339560250e-04	4.2112243787e-07	5.9235250300e-07	1.4480652415e-06	3.5341530510e-06	8.5336527768e-07	3.6654506988e-06	6.6203349678e-08	4.4021880481e-07	-1.7993676256e-07	2.5505405533e-09	-5.7429937535e-09	4.6192887485e-08
1.0000000000e+00	4.3316927253e-05	2.0722596944e-07	3.0963568433e-07	6.2286510313e-07	1.5152143707e-06	3.9122424674e-07	1.7072488068e-06	2.9213029365e-08	2.0017362015e-07	-7.6912751564e-08	1.5146452030e-09	-2.2981616429e-09	1.7864757857e-08
1.2000000000e+00	1.6575772650e-05	1.2331107212e-07	1.9455295753e-07	2.7864048243e-07	7.1291410760e-07	2.0113414749e-07	8.8040458123e-07	1.4861032547e-08	1.1112397782e-07	-4.2426391006e-08	5.1183385365e-10	-1.2044494954e-09	9.3678088699e-09
1.4000000000e+00	6.6504956135e-06	7.6278198470e-08	1.2160900748e-07	1.2059611091e-07	3.4586737523e-07	1.0448615145e-07	4.4840753455e-07	8.6388111350e-09	6.4372332306e-08	-2.6677581513e-08	1.6367123335e-10	-8.1239519502e-10	6.4984520115e-09
1.6000000000e+00	2.7453188362e-06	4.5878612343e-08	7.1989226065e-08	4.9287185301e-08	1.6847616566e-07	5.3046176886e-08	2.1951723086e-07	5.3721652520e-09	3.6234178605e-08	-1.6828049411e-08	1.5162254330e-10	-5.6719210148e-10	4.6334377437e-09
1.8000000000e+00	1.1549351341e-06	2.6480638405e-08	4.0492397493e-08	1.8687425788e-08	8.1642874711e-08	2.6219426196e-08	1.0355497685e-07	3.3609518044e-09	1.9567931140e-08	-1.0178399777e-08	1.9037620287e-10	-3.7338827867e-10	3.0605782736e-09
2.0000000000e+00	4.9266235615e-07	1.4721648518e-08	2.1904368361e-08	6.3429319308e-09	3.9274079581e-08	1.2669075111e-08	4.7458403550e-08	2.0535632718e-09	1.0191126301e-08	-5.8762916660e-09	1.9077907488e-10	-2.3045118804e-10	1.8596362163e-09
2.2000000000e+00	2.1247904069e-07	7.9379381378e-09	1.1518775481e-08	1.7336153146e-09	1.8761921316e-08	6.0148405570e-09	2.1287269256e-08	1.2156758733e-09	5.1600126873e-09	-3.2596666944e-09	1.5820018103e-10	-1.3552241273e-10	1.0548517897e-09
2.4000000000e+00	9.2488566605e-08	4.1782164876e-09	5.9362135636e-09	2.0150933566e-10	8.9115274762e-09	2.8179520798e-09	9.3978575202e-09	6.9815958819e-10	2.5580160737e-09	-1.7512281145e-09	1.1542819861e-10	-7.7243981107e-11	5.6726524349e-10
2.6000000000e+00	4.0583747753e-08	2.1581919199e-09	3.0156006486e-09	-1.9953326764e-10	4.2140608762e-09	1.3071073797e-09	4.0997110337e-09	3.9061760043e-10	1.2484133158e-09	-9.1746129675e-10	7.7130153468e-11	-4.3232402863e-11	2.9276730680e-10
2.8000000000e+00	1.7936524457e-08	1.0984642657e-09	1.5164032131e-09	-2.3287032934e-10	1.9862833568e-09	6.0175239117e-10	1.7718763231e-09	2.1389605771e-10	6.0225939668e-10	-4.7125797870e-10	4.8410839388e-11	-2.3963823359e-11	1.4634394034e-10
3.0000000000e+00	7.9792168997e-09	5.5265318592e-10	7.5707168490e-10	-1.7463522682e-10	9.3413721406e-10	2.7543527992e-10	7.5991908226e-10	1.1510439237e-10	2.8805513859e-10	-2.3832371640e-10	2.9019351231e-11	-1.3218696175e-11	7.1330755949e-11
3.2000000000e+00	3.5709520362e-09	2.7551836215e-10	3.7608219968e-10	-1.1249742657e-10	4.3869823278e-10	1.2550469744e-10	3.2367030952e-10	6.1081427553e-11	1.3689330634e-10	-1.1904304265e-10	1.6803139738e-11	-7.2710835201e-12	3.4072128907e-11
3.4000000000e+00	1.6069780693e-09	1.3636458040e-10	1.8618088495e-10	-6.7049662751e-11	2.0586952082e-10	5.6978842451e-11	1.3692820190e-10	3.2052456859e-11	6.4743567679e-11	-5.8876279007e-11	9.4740594968e-12	-3.9897685438e-12	1.6008524725e-11
3.6000000000e+00	7.2688033783e-10	6.7103860433e-11	9.1958211110e-11	-3.8124523904e-11	9.6586072972e-11	2.5788477247e-11	5.7506458724e-11	1.6669207580e-11	3.0508821689e-11	-2.8887261082e-11	5.2319459648e-12	-2.1828405727e-12	7.4187484574e-12
3.8000000000e+00	3.3035899941e-10	3.2869443978e-11	4.5353399302e-11	-2.1008509383e-11	4.5322029426e-11	1.1639649226e-11	2.3947856975e-11	8.6067737260e-12	1.4336332992e-11	-1.4081526702e-11	2.8422412679e-12	-1.1898194767e-12	3.3980079273e-12
4.0000000000e+00	1.5081254327e-10	1.6041126529e-11	2.2348807285e-11	-1.1322768768e-11	2.1277126439e-11	5.2398332073e-12	9.8694736519e-12	4.4182575864e-12	6.7220620748e-12	-6.8277781482e-12	1.5239226500e-12	-6.4566828624e-13	1.5405692368e-12
