#pt	yield	yield*vn_cos[1]	 yield*vn_sin[1]	yield*vn_cos[2]	 yield*vn_sin[2]	yield*vn_cos[3]	 yield*vn_sin[3]	yield*vn_cos[4]	 yield*vn_sin[4]	yield*vn_cos[5]	 yield*vn_sin[5]	yield*vn_cos[6]	 yield*vn_sin[6]
2.0000000000e-01	2.2211063374e-04	5.9470238443e-08	9.8466790920e-08	6.7568845318e-08	-1.5760159504e-08	5.0789126868e-08	2.4307940625e-07	3.5816973335e-09	-7.0395875467e-09	1.1130290232e-09	-2.5616269779e-09	6.6243230696e-10	1.0643208649e-08
4.0000000000e-01	1.9942688804e-04	1.1241790419e-07	2.0368223632e-07	-5.0978634096e-07	-7.9760812359e-07	-9.4760456217e-08	-4.3722596184e-07	-5.7188784222e-09	3.5847423889e-08	-2.1015804099e-08	4.0064739339e-10	7.1716483520e-09	-7.2744671531e-09
6.0000000000e-01	1.1373573086e-04	-1.8453387178e-07	-3.7665054792e-07	3.2440351766e-08	1.1775422942e-07	-1.6147408366e-07	-8.0149956912e-07	-4.7497191661e-09	-7.7649508107e-08	6.9934524167e-09	-2.9882923978e-10	-4.5831498072e-10	3.3877937826e-09
8.0000000000e-01	5.5321394300e-05	-1.3022326467e-07	-2.6176818572e-07	3.6712774159e-07	5.9736037213e-07	2.0008588865e-08	9.7825226756e-08	-2.5297320483e-09	-4.9510951836e-08	2.4721415946e-08	9.7823512636e-10	5.2788682229e-10	-4.4417892621e-09
1.0000000000e+00	2.5342221603e-05	-2.4408037518e-08	-4.8942296371e-08	3.2394785132e-07	5.6111444372e-07	1.0436830314e-07	5.1437254652e-07	8.9961644457e-11	1.2642660111e-08	1.0143556876e-08	3.2615498566e-10	6.1557156840e-10	-5.5037317752e-09
1.2000000000e+00	1.1311727117e-05	2.5823664360e-08	4.5736118835e-08	1.9496348344e-07	3.8274563653e-07	9.8446855629e-08	4.6897694326e-07	1.9631557559e-09	3.7685344305e-08	-4.7414610683e-09	-3.5948959610e-10	1.5300596923e-10	-1.4030419323e-09
1.4000000000e+00	4.9910092245e-06	3.5032562966e-08	5.9834352668e-08	9.7834099718e-08	2.2640177682e-07	6.6744819667e-08	3.0356854347e-07	2.8045251193e-09	3.5224756786e-08	-1.0282347542e-08	-4.1173428154e-10	-1.8015955545e-10	1.6055262744e-09
1.6000000000e+00	2.1924428237e-06	2.8321704995e-08	4.6216254514e-08	4.3652439248e-08	1.2378855630e-07	3.8882535857e-08	1.6775338062e-07	2.6935878536e-09	2.4534579614e-08	-9.6765062254e-09	-1.8810129431e-10	-2.7002183402e-10	2.4328937407e-09
1.8000000000e+00	9.6262597550e-07	1.8967488784e-08	2.9666703283e-08	1.7652377621e-08	6.4493913544e-08	2.0818480385e-08	8.4825430726e-08	2.1243475048e-09	1.4837771809e-08	-7.0594308168e-09	-6.1168681219e-12	-2.3617282608e-10	2.0888666719e-09
2.0000000000e+00	4.2340976851e-07	1.1490514224e-08	1.7321532402e-08	6.3832699028e-09	3.2557065278e-08	1.0580964766e-08	4.0608947111e-08	1.4807999454e-09	8.2636150937e-09	-4.5126043903e-09	8.2272748115e-11	-1.6547135404e-10	1.4366092986e-09
2.2000000000e+00	1.8681768264e-07	6.5410410537e-09	9.5632911370e-09	1.9280655702e-09	1.6085689153e-08	5.1985006008e-09	1.8760337971e-08	9.5058798739e-10	4.3689547028e-09	-2.6641188062e-09	1.0155317995e-10	-1.0489709528e-10	8.7223154356e-10
2.4000000000e+00	8.2748787859e-08	3.5717506850e-09	5.0950338692e-09	3.5236557689e-10	7.8299297333e-09	2.4955514278e-09	8.4586328474e-09	5.7533104558e-10	2.2313193821e-09	-1.4910217260e-09	8.5894884314e-11	-6.2970706757e-11	4.8943764466e-10
2.6000000000e+00	3.6810390679e-08	1.8938222115e-09	2.6509572649e-09	-1.0825155765e-10	3.7715957172e-09	1.1786828483e-09	3.7484676300e-09	3.3369092448e-10	1.1126224327e-09	-8.0356205554e-10	6.2167753763e-11	-3.6510348467e-11	2.5981782443e-10
2.8000000000e+00	1.6448433948e-08	9.8274791088e-10	1.3571680593e-09	-1.8284140782e-10	1.8033050922e-09	5.5020715995e-10	1.6399216883e-09	1.8751753837e-10	5.4544965406e-10	-4.2134952868e-10	4.0932271251e-11	-2.0713071670e-11	1.3246665667e-10
3.0000000000e+00	7.3831496767e-09	5.0182700728e-10	6.8703552699e-10	-1.4862463368e-10	8.5774677358e-10	2.5461487728e-10	7.1020754859e-10	1.0285590198e-10	2.6416336939e-10	-2.1642401334e-10	2.5311886528e-11	-1.1649490555e-11	6.5522599427e-11
3.2000000000e+00	3.3288779951e-09	2.5311449267e-10	3.4507308469e-10	-9.9385876245e-11	4.0653019239e-10	1.1704657502e-10	3.0492375455e-10	5.5390984421e-11	1.2679243590e-10	-1.0941908352e-10	1.4983593956e-11	-6.5087726435e-12	3.1650598187e-11
3.4000000000e+00	1.5074485407e-09	1.2645615865e-10	1.7236488957e-10	-6.0570192968e-11	1.9221793323e-10	5.3526290601e-11	1.2986912067e-10	2.9404320365e-11	6.0451982506e-11	-5.4639477974e-11	8.5868056174e-12	-3.6179415899e-12	1.5003019528e-11
3.6000000000e+00	6.8550028077e-10	6.2707616456e-11	8.5766292607e-11	-3.4963518183e-11	9.0750632087e-11	2.4373846021e-11	5.4860168808e-11	1.5435321645e-11	2.8677292091e-11	-2.7019125578e-11	4.8010361287e-12	-2.0008694718e-12	7.0025667833e-12
3.8000000000e+00	3.1297809603e-10	3.0912907223e-11	4.2562930408e-11	-1.9480454404e-11	4.2811322186e-11	1.1058133901e-11	2.2964051148e-11	8.0308450428e-12	1.3551304047e-11	-1.3256179361e-11	2.6340546601e-12	-1.1006025508e-12	3.2265098696e-12
4.0000000000e+00	1.4344183822e-10	1.5167715553e-11	2.1084562023e-11	-1.0588649130e-11	2.0189968050e-11	5.0003293455e-12	9.5095704333e-12	4.1488875558e-12	6.3843102875e-12	-6.4625854817e-12	1.4236768097e-12	-6.0189371620e-13	1.4697384903e-12
