#pt	yield	yield*vn_cos[1]	 yield*vn_sin[1]	yield*vn_cos[2]	 yield*vn_sin[2]	yield*vn_cos[3]	 yield*vn_sin[3]	yield*vn_cos[4]	 yield*vn_sin[4]	yield*vn_cos[5]	 yield*vn_sin[5]	yield*vn_cos[6]	 yield*vn_sin[6]
2.0000000000e-01	4.9014478413e-03	-1.2186523015e-05	-5.9304523756e-06	7.5984334034e-06	2.0936869366e-05	1.1727059847e-06	8.6244639071e-06	6.5443151115e-08	4.0715822104e-07	-1.2558220733e-07	-3.7599284650e-09	2.1957581257e-09	1.5665424599e-09
4.0000000000e-01	4.7046346838e-04	-1.4840936718e-06	-6.1184265057e-07	1.1985870010e-06	3.4385890214e-06	2.5474125657e-07	1.8715827402e-06	1.7622600264e-08	1.1460775587e-07	-4.4437232755e-08	-4.6538182065e-10	2.3505260059e-09	-1.5291916579e-10
6.0000000000e-01	9.5369914852e-05	-3.3440665937e-07	-1.2599645536e-07	2.7184554600e-07	8.2168846540e-07	6.4877319788e-08	4.7364455036e-07	5.6157324185e-09	3.4036125619e-08	-1.5824099675e-08	-1.2221107541e-10	1.0116277004e-09	-1.1262039975e-10
8.0000000000e-01	2.6501845435e-05	-1.0989821996e-07	-4.1210859771e-08	9.6187658629e-08	2.8989977418e-07	2.2397768356e-08	1.6354910547e-07	2.0336099911e-09	1.1135314988e-08	-5.3521849244e-09	-4.5602280670e-11	3.8526478757e-10	-4.0075841893e-11
1.0000000000e+00	8.2323698394e-06	-4.0530363295e-08	-1.2847606865e-08	4.1514727744e-08	1.2529992071e-07	1.0705761428e-08	7.8928175093e-08	9.2269531990e-10	5.2157908020e-09	-2.2194173606e-09	-1.8277270222e-11	1.4278980417e-10	-1.7201676985e-11
1.2000000000e+00	2.6642077201e-06	-1.4887536734e-08	-2.7630480635e-09	1.7428609624e-08	5.5539293313e-08	5.5226487905e-09	4.0818345304e-08	5.1369525745e-10	3.0520491028e-09	-1.3240714336e-09	-1.2183469030e-11	7.5478096756e-11	-8.1922338176e-12
1.4000000000e+00	8.7957483669e-07	-5.2656140246e-09	8.8938526247e-11	6.7273560143e-09	2.3886245988e-08	2.7072780108e-09	1.9876498742e-08	3.0898879475e-10	1.7595275899e-09	-8.7894930717e-10	-8.9204250588e-12	5.3253970758e-11	-4.1362743189e-12
1.6000000000e+00	2.9439723863e-07	-1.7734417405e-09	5.4320796164e-10	2.3769808249e-09	9.9260430487e-09	1.2401384419e-09	8.9855724484e-09	1.8303565451e-10	9.3433518793e-10	-5.4617444391e-10	-5.7602320365e-12	3.7344016253e-11	-2.3131131766e-12
1.8000000000e+00	9.9695763607e-08	-5.6221759434e-10	4.1410849261e-10	7.6476820880e-10	4.0142922934e-09	5.3695314070e-10	3.8218471769e-09	1.0328555199e-10	4.5916517455e-10	-3.0958931624e-10	-3.2444428018e-12	2.3670929023e-11	-1.4621991942e-12
2.0000000000e+00	3.4129438752e-08	-1.6368581478e-10	2.3811656860e-10	2.1777578325e-10	1.5921303242e-09	2.2279610833e-10	1.5521725868e-09	5.5293021800e-11	2.1237502078e-10	-1.6237699205e-10	-1.6342165498e-12	1.3611678838e-11	-9.8351943295e-13
2.2000000000e+00	1.1804306536e-08	-4.1045161544e-11	1.2116751958e-10	4.9563953735e-11	6.2302773640e-10	8.9573040608e-11	6.0893089784e-10	2.8235679622e-11	9.3848210445e-11	-8.0216108483e-11	-7.4954181797e-13	7.2458794835e-12	-6.5582148106e-13
2.4000000000e+00	4.1226821198e-09	-6.9345282109e-12	5.7596351569e-11	4.7444657061e-12	2.4160411994e-10	3.5178445182e-11	2.3269964248e-10	1.3857060313e-11	4.0076059936e-11	-3.7866065015e-11	-3.1560262243e-13	3.6349824483e-12	-4.1780599254e-13
2.6000000000e+00	1.4531635987e-09	8.3810143339e-13	2.6233125785e-11	-3.9528434161e-12	9.3137473764e-11	1.3575424113e-11	8.7135380020e-11	6.5818079525e-12	1.6676352275e-11	-1.7264671396e-11	-1.2158701608e-13	1.7421677452e-12	-2.5184785428e-13
2.8000000000e+00	5.1666623382e-10	1.6929459570e-12	1.1610777601e-11	-3.8041367350e-12	3.5770331707e-11	5.1693991599e-12	3.2103585540e-11	3.0438174099e-12	6.8032972842e-12	-7.6635037516e-12	-4.1828836703e-14	8.0571336920e-13	-1.4400400613e-13
3.0000000000e+00	1.8519739188e-10	1.1829777827e-12	5.0369078830e-12	-2.3561689787e-12	1.3707946496e-11	1.9482830062e-12	1.1670334227e-11	1.3772639479e-12	2.7332442725e-12	-3.3312299704e-12	-1.1903213300e-14	3.6221627996e-13	-7.8604054440e-14
3.2000000000e+00	6.6890414798e-11	6.6050021649e-13	2.1537531673e-12	-1.2537702753e-12	5.2474189791e-12	7.2833530967e-13	4.1932571704e-12	6.1215643906e-13	1.0849474241e-12	-1.4242893859e-12	-1.9565474863e-15	1.5915312556e-13	-4.1239602017e-14
3.4000000000e+00	2.4332200593e-11	3.3330350104e-13	9.1121790293e-13	-6.1735227548e-13	2.0080515228e-12	2.7048534631e-13	1.4906197649e-12	2.6812820846e-13	4.2655171845e-13	-6.0097053180e-13	6.9454623303e-16	6.8628415529e-14	-2.0923902891e-14
3.6000000000e+00	8.9100914435e-12	1.5876000093e-13	3.8248915046e-13	-2.9006069076e-13	7.6858376528e-13	9.9894779931e-14	5.2435026216e-13	1.1603280003e-13	1.6640031145e-13	-2.5088588329e-13	1.0117198454e-15	2.9132867618e-14	-1.0319878247e-14
3.8000000000e+00	3.2830086574e-12	7.2859035940e-14	1.5960198847e-13	-1.3210782396e-13	2.9434342084e-13	3.6712976016e-14	1.8243013590e-13	4.9715037190e-14	6.4496644606e-14	-1.0383031339e-13	7.5552555437e-16	1.2203611305e-14	-4.9691966785e-15
4.0000000000e+00	1.2166559585e-12	3.2583305656e-14	6.6299068684e-14	-5.8862077340e-14	1.1281630647e-13	1.3431624223e-14	6.2694199416e-14	2.1125491816e-14	2.4862461559e-14	-4.2664419151e-14	4.6538974922e-16	5.0537534439e-15	-2.3443524747e-15
