#pt  dN/ptdYdptdphi  v1cos  v1sin  v2cos  v2sin  v3cos  v3sin  v4cos  v4sin  v5cos  v5sin  v6cos  v6sin  v7cos  v7sin
0.01  0.0638185  -4.53253e-05  -0.000720763  -8.40154e-07  6.33069e-06  -5.12868e-07  1.53873e-07  -1.11978e-06  6.04755e-08  -3.95062e-07  -6.29496e-07  1.96618e-07  2.13587e-06  -4.58851e-08  1.77931e-06
0.0138778  0.0885585  -6.27871e-05  -0.00100156  -2.38244e-06  1.22242e-05  -6.23456e-07  -3.98803e-07  -1.20149e-06  2.29421e-07  -3.66751e-08  4.29435e-07  3.17999e-07  2.10755e-06  -1.59132e-08  1.43717e-06
0.0255111  0.162694  -0.000116383  -0.00184268  -7.91613e-06  4.35956e-05  -4.13845e-07  -7.2072e-07  -4.65795e-07  6.45617e-07  7.02416e-07  2.53071e-06  4.23441e-07  1.07763e-06  1.65913e-08  4.89752e-07
0.0449  0.286033  -0.000220714  -0.00323636  -2.13108e-05  0.000142868  -3.33227e-06  -2.27708e-06  8.68672e-07  1.46504e-08  1.21873e-06  2.78447e-06  3.50385e-07  3.91767e-07  -8.89479e-09  2.78313e-07
0.0720444  0.457608  -0.00040504  -0.00517158  -5.30293e-05  0.000364055  -1.67234e-05  -1.18785e-05  3.09285e-07  -1.6509e-07  7.38105e-07  9.90778e-07  3.96992e-08  -4.66203e-07  -7.32175e-09  -4.88488e-08
0.106944  0.675308  -0.000745199  -0.00761034  -0.00010627  0.000810855  -5.92736e-05  -4.57546e-05  -4.84369e-06  3.29457e-06  -4.04098e-07  -6.62533e-07  -1.71868e-07  -3.2497e-07  -3.82132e-08  -2.49081e-07
0.1496  0.934898  -0.00137782  -0.0104907  -0.000171611  0.00160316  -0.000160194  -0.00012559  -1.91047e-05  1.29943e-05  -2.05614e-06  -2.94903e-06  -5.05303e-08  -6.73407e-07  -2.30753e-08  -5.5876e-07
0.200011  1.22885  -0.00250382  -0.0136961  -0.000204457  0.00290341  -0.000368825  -0.000291626  -5.97525e-05  4.46282e-05  -8.59968e-06  -8.53893e-06  -4.37834e-07  3.14359e-07  -3.05572e-08  2.02217e-07
0.258178  1.54477  -0.00435076  -0.0170719  -0.000111861  0.00489912  -0.00075041  -0.000607094  -0.00015919  0.000118537  -3.07113e-05  -3.15841e-05  -2.9178e-06  -4.67242e-09  2.87851e-07  -3.69673e-07
0.3241  1.8644  -0.00711019  -0.0204241  0.000265941  0.00780336  -0.00138183  -0.00114399  -0.000373317  0.000282396  -8.87727e-05  -8.76868e-05  -1.05126e-05  1.32825e-06  9.31103e-07  -1.91415e-06
0.397778  2.16281  -0.0108284  -0.0235242  0.00114838  0.011797  -0.00233198  -0.00197523  -0.000779908  0.00060182  -0.000217396  -0.000201129  -2.96844e-05  1.30064e-05  1.84841e-06  2.06185e-06
0.479211  2.41001  -0.0153016  -0.0261331  0.00277681  0.0169538  -0.00365321  -0.0031591  -0.00148811  0.00116554  -0.000479976  -0.000426541  -7.72887e-05  3.53479e-05  3.06225e-06  2.07008e-06
0.5684  2.57462  -0.0200761  -0.0280357  0.0053709  0.0232279  -0.00539269  -0.00473082  -0.00263218  0.00208376  -0.00096099  -0.000816026  -0.000178737  8.91596e-05  5.88989e-06  -1.32133e-06
0.665344  2.63143  -0.0244929  -0.0290316  0.00903617  0.0303346  -0.00756367  -0.00664047  -0.00434269  0.00347308  -0.00175867  -0.00140715  -0.000370892  0.000217297  1.15852e-05  -2.58285e-06
0.770044  2.5685  -0.027842  -0.0289575  0.0137596  0.0378311  -0.0101754  -0.00877569  -0.00674295  0.00542475  -0.00297506  -0.00221407  -0.000702753  0.000487946  1.99681e-05  4.25935e-06
0.8825  2.3918  -0.0295074  -0.0276814  0.0194127  0.0451724  -0.0132368  -0.0109719  -0.00994794  0.00799651  -0.00470867  -0.00322629  -0.00123011  0.000993538  2.55014e-05  2.79168e-05
1.00271  2.12464  -0.0290831  -0.0251217  0.0257801  0.0518274  -0.0167439  -0.0130344  -0.0140211  0.0111847  -0.00701724  -0.00439542  -0.00199908  0.00183269  2.01749e-05  8.39888e-05
1.13068  1.80121  -0.0264199  -0.021279  0.0325998  0.0573509  -0.0206828  -0.0147916  -0.0190022  0.0149356  -0.00994074  -0.00567171  -0.00305281  0.00309924  -1.0251e-05  0.000175639
1.2664  1.45955  -0.021524  -0.0161494  0.039623  0.0613959  -0.0250341  -0.0160552  -0.0249245  0.0191833  -0.0135006  -0.00695723  -0.00443084  0.00493226  -9.08484e-05  0.000352021
1.40988  1.1329  -0.014525  -0.00972886  0.0466445  0.0637303  -0.0297603  -0.0166619  -0.0317822  0.0238209  -0.017666  -0.00813551  -0.00614036  0.00743555  -0.000245379  0.000666676
1.56111  0.843638  -0.00574899  -0.0021408  0.0534634  0.0642534  -0.0347826  -0.0165304  -0.0395401  0.0286878  -0.0223992  -0.0091379  -0.00819324  0.0106808  -0.000509944  0.00114466
1.7201  0.604113  0.00450413  0.00653266  0.0599656  0.0629511  -0.0400332  -0.0156156  -0.0481707  0.0336357  -0.0276374  -0.00989814  -0.0105709  0.0146931  -0.000914513  0.00181261
1.88684  0.416031  0.015759  0.0160431  0.0660229  0.0599559  -0.0453718  -0.0139573  -0.0575255  0.0384757  -0.0332591  -0.0103878  -0.0132264  0.0194103  -0.00147809  0.00266619
2.06134  0.276041  0.0277398  0.0262976  0.071628  0.0553648  -0.0507413  -0.0115749  -0.0676308  0.0431167  -0.0392499  -0.0105767  -0.0161687  0.024884  -0.00223918  0.00375492
2.2436  0.175398  0.0396173  0.0366151  0.0766179  0.049787  -0.0558479  -0.00874026  -0.0778415  0.047347  -0.0452289  -0.0105025  -0.0191844  0.0307165  -0.0031246  0.00499698
2.43361  0.107754  0.0520183  0.04772  0.0813018  0.042662  -0.0609758  -0.00517747  -0.0891158  0.051304  -0.0516911  -0.0100721  -0.0225749  0.03753  -0.00431159  0.00661556
2.63138  0.0637603  0.0645248  0.0592823  0.0856349  0.034237  -0.0659406  -0.00102763  -0.101193  0.0548125  -0.0584395  -0.00929476  -0.0262467  0.0451413  -0.0057924  0.00860131
2.8369  0.0358706  0.0767018  0.0708969  0.0895973  0.0248416  -0.0705579  0.00351388  -0.113776  0.0577408  -0.0652811  -0.00821681  -0.0301089  0.0533574  -0.00753866  0.0109403
3.05018  0.0190634  0.0890087  0.0830573  0.0934168  0.0139597  -0.0749545  0.00862892  -0.127527  0.0600938  -0.0724941  -0.00677989  -0.0343436  0.0625491  -0.00965425  0.0137886
3.27121  0.00942272  0.101661  0.0959944  0.0972303  0.00117885  -0.0790726  0.0144328  -0.142807  0.0617241  -0.0801238  -0.00488881  -0.0390174  0.0729291  -0.0122053  0.0173206
3.5  0.00426865  0.115836  0.110986  0.101438  -0.0151788  -0.0830747  0.0215199  -0.161189  0.0624143  -0.0887015  -0.00229436  -0.0445115  0.0853904  -0.0154345  0.0219591
