#pt  dN/ptdYdptdphi  v1cos  v1sin  v2cos  v2sin  v3cos  v3sin  v4cos  v4sin  v5cos  v5sin  v6cos  v6sin  v7cos  v7sin
0.01  0.0222469  0.000161061  -0.000652589  -1.65753e-06  3.26645e-06  -4.36133e-08  -2.4215e-08  -1.4065e-09  -5.24914e-09  4.12436e-09  -1.39478e-09  -7.51403e-17  -2.66627e-17  -1.13551e-08  2.57417e-08
0.0138778  0.0308717  0.000223139  -0.000905549  -3.21742e-06  6.25762e-06  -1.53376e-07  -8.20639e-08  1.04984e-08  1.04984e-08  -2.18031e-08  -1.0264e-08  -7.55181e-17  2.53453e-08  2.60167e-08  6.85169e-09
0.0255111  0.0567322  0.00040663  -0.00166381  -1.08381e-05  2.12612e-05  -8.32637e-07  -4.66079e-07  -9.09214e-09  5.24935e-09  -6.06273e-09  1.26972e-08  -1.48474e-08  -5.66324e-17  1.2014e-08  1.59262e-08
0.0449  0.0997533  0.000697073  -0.00292394  -3.31034e-05  6.63388e-05  -4.55803e-06  -2.48551e-06  -7.45281e-08  7.45281e-08  1.2613e-08  -3.30687e-08  -1.04998e-08  -1.04998e-08  5.95479e-09  9.03925e-09
0.0720444  0.159698  0.00105024  -0.00467547  -8.24175e-05  0.000174053  -1.87527e-05  -1.02352e-05  -7.65344e-07  5.05322e-07  -7.39864e-08  -1.02574e-07  -1.79288e-08  7.42634e-09  6.91373e-09  -5.27599e-09
0.106944  0.235994  0.00136504  -0.00689366  -0.00016969  0.000396947  -6.04258e-05  -3.34174e-05  -3.70219e-06  2.55998e-06  -3.46285e-07  -3.59491e-07  -4.6387e-08  1.48613e-08  -4.54387e-09  2.72668e-09
0.1496  0.327469  0.00145819  -0.00953057  -0.000293  0.000819955  -0.000161456  -9.07877e-05  -1.39861e-05  9.74283e-06  -1.7569e-06  -1.9406e-06  -7.62064e-08  -2.10438e-08  1.89995e-08  -1.5786e-08
0.200011  0.431977  0.00105683  -0.0125057  -0.000418985  0.00157793  -0.000371489  -0.000214552  -4.37935e-05  3.08181e-05  -7.16577e-06  -7.97035e-06  -3.83864e-07  -1.22981e-07  1.02283e-08  -1.23056e-08
0.258178  0.54589  -0.000166461  -0.0156989  -0.000460956  0.00287063  -0.000756273  -0.000452825  -0.000117825  8.42601e-05  -2.43826e-05  -2.64026e-05  -1.67364e-06  -4.00945e-07  1.00852e-07  -1.15883e-07
0.3241  0.663535  -0.00250359  -0.0189488  -0.0002638  0.00495752  -0.00138902  -0.000870099  -0.000280178  0.000204227  -7.03435e-05  -7.41806e-05  -6.05354e-06  -9.41407e-07  4.32578e-07  -4.03288e-07
0.397778  0.776785  -0.00608278  -0.0220582  0.000390142  0.0081141  -0.00233638  -0.0015405  -0.000599762  0.000446334  -0.000177099  -0.000180191  -1.87075e-05  -8.50279e-07  1.51112e-06  -1.41182e-06
0.479211  0.875221  -0.0107565  -0.0248087  0.00174646  0.0125476  -0.00364513  -0.00253369  -0.00117258  0.000891151  -0.000396408  -0.000385686  -5.0391e-05  4.11342e-06  4.40782e-06  -3.79895e-06
0.5684  0.947314  -0.0160688  -0.0269789  0.00402293  0.0183014  -0.00533727  -0.00389299  -0.00211769  0.00164031  -0.000801181  -0.000738611  -0.000120271  2.65662e-05  1.08657e-05  -8.72346e-06
0.665344  0.982714  -0.0213304  -0.0283623  0.00735506  0.025193  -0.00741588  -0.00561348  -0.00356688  0.00280534  -0.00148144  -0.00128285  -0.0002586  9.51047e-05  2.31849e-05  -1.6519e-05
0.770044  0.975058  -0.0257669  -0.0287802  0.0117646  0.0328214  -0.00987789  -0.00762805  -0.00565087  0.0044897  -0.00253539  -0.00204502  -0.000506839  0.000261383  4.3197e-05  -2.55113e-05
0.8825  0.924137  -0.0286761  -0.0280881  0.0171597  0.0406378  -0.0127256  -0.00980745  -0.00848678  0.0067703  -0.00405796  -0.003025  -0.000915768  0.00060494  7.05494e-05  -2.94477e-05
1.00271  0.836352  -0.0295373  -0.0261762  0.0233614  0.048046  -0.0159702  -0.011975  -0.0121692  0.00968345  -0.00613012  -0.00419146  -0.00154065  0.00123184  0.000100466  -1.55106e-05
1.13068  0.723161  -0.0280548  -0.0229689  0.0301397  0.054495  -0.0196265  -0.0139303  -0.0167681  0.0132183  -0.00881082  -0.00548449  -0.00243537  0.0022669  0.000121804  3.73867e-05
1.2664  0.5982  -0.0241499  -0.0184246  0.0372505  0.0595393  -0.0237027  -0.0154745  -0.0223303  0.017318  -0.0121334  -0.00682296  -0.0036461  0.00384229  0.000115011  0.000158804
1.40988  0.474268  -0.0179206  -0.0125356  0.0444642  0.062863  -0.0281904  -0.0164312  -0.0288838  0.0218859  -0.0161059  -0.00811453  -0.00520716  0.0060847  5.19262e-05  0.000386042
1.56111  0.361159  -0.00959298  -0.0053282  0.0515842  0.0642777  -0.0330575  -0.0166615  -0.0364422  0.0267942  -0.0207135  -0.00926545  -0.007139  0.00910416  -0.000103908  0.000762542
1.7201  0.264759  0.000526509  0.00313707  0.0584569  0.0637046  -0.0382466  -0.0160707  -0.0450083  0.0318947  -0.0259227  -0.0101889  -0.00944848  0.012986  -0.000395524  0.00133573
1.88684  0.187264  0.0120899  0.0127675  0.0649743  0.061149  -0.0436773  -0.0146106  -0.0545762  0.037028  -0.0316854  -0.0108116  -0.0121311  0.0177862  -0.000870055  0.0021547
2.06134  0.128068  0.0247374  0.0234411  0.0710703  0.0566775  -0.0492516  -0.0122765  -0.0651319  0.0420323  -0.0379432  -0.0110768  -0.0151743  0.0235302  -0.00157548  0.00326837
2.2436  0.0848526  0.0381191  0.0350104  0.0767153  0.0503959  -0.0548612  -0.00910217  -0.0766527  0.0467516  -0.04463  -0.0109467  -0.0185604  0.0302133  -0.00255735  0.00472312
2.43361  0.0545656  0.0519079  0.047308  0.0819077  0.0424342  -0.0603947  -0.0051532  -0.0891073  0.0510417  -0.0516752  -0.0104021  -0.0222704  0.0378039  -0.00385573  0.0065613
2.63138  0.034112  0.0658083  0.0601511  0.0866655  0.0329339  -0.0657437  -0.000520184  -0.102454  0.0547748  -0.0590046  -0.00944142  -0.0262852  0.0462466  -0.00550209  0.00881958
2.8369  0.0207615  0.0795597  0.073348  0.0910195  0.0220406  -0.0708089  0.0046883  -0.11664  0.0578439  -0.066543  -0.00807897  -0.030588  0.0554665  -0.00751732  0.0115275
3.05018  0.0123178  0.092938  0.0867037  0.0950063  0.00989861  -0.0755038  0.0103522  -0.131603  0.0601639  -0.0742151  -0.00634277  -0.0351642  0.0653741  -0.00991011  0.0147066
3.27121  0.00713212  0.105755  0.100025  0.0986638  -0.00335223  -0.0797577  0.016346  -0.147268  0.061673  -0.081947  -0.0042722  -0.0400016  0.0758696  -0.0126762  0.0183691
3.5  0.00403408  0.117856  0.113126  0.102028  -0.0175782  -0.0835174  0.0225433  -0.163553  0.062332  -0.0896677  -0.00191529  -0.0450896  0.0868477  -0.0157985  0.0225181
