# t 	dNdt (2to2) 	error (2to2) 	dNdt (Brems) 	error (Brems) 
0.25	0.0	0.0	0.0129374830334	6.82209388416e-05
0.75	8.59867355505e-06	1.6991688865e-06	0.172104667173	0.000232982265896
1.25	4.30427272406e-05	4.15371083798e-06	0.328312129687	0.00032160859491
1.75	9.32699599457e-05	7.74447551188e-06	0.17216727004	0.000209815174025
2.25	0.000181090184761	9.37527448533e-06	0.0856508248864	0.000136577968843
2.75	0.000276260227653	1.09788052027e-05	0.0470715419312	0.000101686505525
3.25	0.000471856655853	1.6346889269e-05	0.0287123339232	6.70583508857e-05
3.75	0.000725353231495	2.11915996425e-05	0.019062294853	5.59543094173e-05
4.25	0.00105627888629	2.52511954683e-05	0.0132416686151	4.46476555879e-05
4.75	0.00138152672566	2.92942356598e-05	0.00986336561391	3.84621563298e-05
5.25	0.00176044334856	3.22739342814e-05	0.0076183874529	3.10319443488e-05
5.75	0.00225488692858	3.45998277616e-05	0.00568224821159	2.56410823539e-05
6.25	0.00291605950196	4.23633646515e-05	0.00479870430002	2.35228446043e-05
6.75	0.00360902297192	4.58955290561e-05	0.00359116926014	2.08034477029e-05
7.25	0.00435785075531	5.37618954748e-05	0.00319692412989	1.93814445634e-05
7.75	0.00557004576286	5.77525657979e-05	0.00245965535956	1.50197519926e-05
8.25	0.00755792838969	6.98717860678e-05	0.00217514361341	1.4309781544e-05
8.75	0.00946519322902	7.77766320065e-05	0.00189048045892	1.44661722963e-05
9.25	0.0112690080296	8.33309534777e-05	0.00149500206269	1.1391516187e-05
9.75	0.0139892950885	9.28157081246e-05	0.0014139337761	1.15232611419e-05
10.25	0.0156348825277	0.000103438148869	0.00119111577265	8.90437518684e-06
10.75	0.0164888961077	0.000111072164887	0.000994286853077	8.93777878417e-06
11.25	0.0168186111531	0.000116285137736	0.000921318856265	8.30416044572e-06
11.75	0.0168907768556	0.00012044874991	0.000868287989902	8.15992992383e-06
12.25	0.0166841593873	0.00011642040005	0.000742230198977	7.17864961746e-06
12.75	0.0164869962028	0.000125461216651	0.0006270881998	5.8561224676e-06
13.25	0.0160317871857	0.000120290243378	0.000601049033674	6.04118984252e-06
13.75	0.0149740349119	0.000116901080459	0.000570639076324	6.14792783198e-06
14.25	0.014552593081	0.00011837201063	0.000479303852524	5.47332863651e-06
14.75	0.0140055925184	0.00012032514671	0.000418355285394	5.2969631101e-06
15.25	0.0131850450607	0.0001100059822	0.000402438913123	5.3155221465e-06
15.75	0.0126313561211	0.000104513806408	0.00038620211558	5.03555059174e-06
16.25	0.0118758580959	0.000108423124142	0.0003586938951	4.29513809725e-06
16.75	0.011220923932	0.000108582336549	0.000309053982198	4.11327630019e-06
17.25	0.0105334323047	0.000108162547271	0.00028315520393	4.03481743135e-06
17.75	0.00968743943546	9.49350554402e-05	0.000258765970532	3.83290541846e-06
18.25	0.009374064048	9.52529570205e-05	0.00025521019807	3.63116830782e-06
18.75	0.00879992021451	9.3720076451e-05	0.000247693305678	3.80042746145e-06
19.25	0.00815850987938	8.98596323407e-05	0.00022555869574	3.76458244583e-06
19.75	0.00765838908108	8.86808731888e-05	0.000202094082512	2.9875902002e-06
20.25	0.00710386070196	8.32050544255e-05	0.000179386952318	2.93343725914e-06
20.75	0.00693267499781	8.54053729232e-05	0.000170980311752	2.88222630342e-06
21.25	0.00647469316028	7.95319911196e-05	0.000170604903042	2.65506195271e-06
21.75	0.00610011440484	8.26594434558e-05	0.000166450417042	2.57568306901e-06
22.25	0.00570778108649	7.81667470754e-05	0.000154641396549	2.56344004563e-06
22.75	0.00524972025836	7.42061556008e-05	0.000144156267345	2.56555424185e-06
23.25	0.00495081520222	7.15166242262e-05	0.000129247792917	2.46400912326e-06
23.75	0.00479240828645	6.85090372372e-05	0.000114549425269	2.11848379527e-06
24.25	0.00443958190359	6.77827883806e-05	0.000113357776426	2.179244346e-06
24.75	0.00450681352836	7.45518320619e-05	0.000112051252364	2.32543716165e-06
25.25	0.00417600619155	6.79662914992e-05	0.00010850290588	2.0822855433e-06
25.75	0.00378575537487	6.30682808327e-05	0.000109465685552	2.40058060162e-06
26.25	0.00364643597217	6.38402736721e-05	9.76262371819e-05	1.80608372721e-06
26.75	0.0034590224329	5.85446526508e-05	9.10642607827e-05	1.99607229624e-06
27.25	0.00327767490703	6.10813760449e-05	8.28075697554e-05	1.7157627262e-06
27.75	0.00317990743697	5.75873639101e-05	7.77545902633e-05	1.72020179271e-06
28.25	0.00305499344683	6.16035552757e-05	7.42904962703e-05	1.64173372722e-06
28.75	0.00296586760021	5.86105401522e-05	7.57368053921e-05	1.69588665433e-06
29.25	0.00274727440834	5.50695464605e-05	7.35844687979e-05	1.56611591794e-06
29.75	0.0025811647182	4.90928002344e-05	7.19781315116e-05	1.55820416539e-06
30.25	0.00250339000987	5.01882239665e-05	6.88536802932e-05	1.35400815322e-06
30.75	0.00235796329019	4.99148971203e-05	6.4360309953e-05	1.5785967003e-06
31.25	0.00224207812441	4.82349538605e-05	6.03544414971e-05	1.54181572668e-06
31.75	0.00219880343969	4.98707379934e-05	5.66327086219e-05	1.54217716612e-06
32.25	0.0020653983412	4.48753110399e-05	5.54357418193e-05	1.53705669082e-06
32.75	0.00202142070472	4.73951036934e-05	5.15269850127e-05	1.45038966456e-06
33.25	0.001967365253	4.61768720855e-05	4.82550602263e-05	1.30040691699e-06
33.75	0.00185821566416	4.10253564311e-05	5.0685623308e-05	1.49783560838e-06
34.25	0.00180247768435	4.20928732573e-05	4.91348610982e-05	1.23886662209e-06
34.75	0.00176280711279	4.45763554326e-05	5.16168551911e-05	1.55321069857e-06
35.25	0.00168198459714	4.12996204449e-05	4.76879360706e-05	1.19711952433e-06
35.75	0.00151742680806	4.02408817834e-05	4.57891200941e-05	1.1777793969e-06
36.25	0.00151315193855	3.98001282104e-05	4.21202389581e-05	1.13214242464e-06
36.75	0.00149223543459	3.98075961443e-05	4.08546800927e-05	1.19011485055e-06
37.25	0.00141417994143	3.97302874754e-05	3.73909929731e-05	9.90233799344e-07
37.75	0.00135316953909	3.73759215529e-05	3.76782975827e-05	1.10488805797e-06
38.25	0.0013267260754	3.76857412236e-05	3.58238565628e-05	1.03835956973e-06
38.75	0.00136591253037	3.82983032431e-05	3.18339716286e-05	8.96505639452e-07
39.25	0.00126555250919	3.61328960708e-05	3.21379659168e-05	9.36031843857e-07
39.75	0.0012540176145	3.45699919988e-05	3.25968538684e-05	1.0238873588e-06
40.25	0.00115148264256	3.27409190012e-05	3.50522283603e-05	2.61534899532e-06
40.75	0.00108096676612	3.2634152281e-05	3.07634373384e-05	8.50406692917e-07
41.25	0.00108872140538	3.30126435066e-05	3.08385543844e-05	1.0198101372e-06
41.75	0.000953136572116	2.93178811523e-05	3.21511624628e-05	1.02924273777e-06
42.25	0.00100994050653	3.5839578821e-05	2.87431502325e-05	8.08122581015e-07
42.75	0.00095298463449	3.00195278106e-05	2.71636850129e-05	9.05056634823e-07
43.25	0.000954001735188	3.11860308011e-05	2.40770850291e-05	6.48671155668e-07
43.75	0.000911428804	3.30558911919e-05	2.4099047877e-05	7.43620279723e-07
44.25	0.000875837716082	2.94211726992e-05	2.315203026e-05	7.07003961017e-07
44.75	0.000876239285483	2.78640671603e-05	2.18525566587e-05	6.87742273179e-07
45.25	0.000884890550055	2.94727699822e-05	2.2356856368e-05	8.68776707048e-07
45.75	0.000823829779026	2.6629987715e-05	2.19432702417e-05	8.64183867967e-07
46.25	0.000826647570149	2.69732331923e-05	2.08974084456e-05	6.53544594202e-07
46.75	0.000781014333693	2.84163915182e-05	2.00607790503e-05	7.32872699964e-07
47.25	0.000797905004569	2.73394504122e-05	2.13750139887e-05	7.22991909814e-07
47.75	0.000752927549437	3.08323278777e-05	2.09202929461e-05	7.03774573939e-07
48.25	0.00071462041384	2.69012742958e-05	2.03572235657e-05	7.49850741687e-07
48.75	0.00068941832251	2.64414897281e-05	2.00433240027e-05	6.83267856427e-07
49.25	0.000644686983263	2.53497803404e-05	1.75787929981e-05	5.41964087675e-07
49.75	0.000640468412891	2.41578449923e-05	1.68648591652e-05	6.27181140814e-07
50.25	0.000630912005374	2.61393464499e-05	1.83877021579e-05	7.56070603857e-07
50.75	0.000638925961683	2.60138357544e-05	1.61337008854e-05	6.02815595871e-07
51.25	0.000623525377111	2.65120034636e-05	1.65785487785e-05	6.73368998272e-07
51.75	0.000591266838613	2.26802538072e-05	1.40819906217e-05	5.6581232689e-07
52.25	0.000613793442564	2.43265459966e-05	1.51850806544e-05	7.12907242987e-07
52.75	0.00056667309177	2.3791133478e-05	1.35047735131e-05	5.80695761418e-07
53.25	0.000549383648453	2.33870787793e-05	1.47164877618e-05	7.59467249281e-07
53.75	0.000521651955899	2.13591809186e-05	1.3765877626e-05	4.99132607574e-07
54.25	0.000529235865836	2.38664596694e-05	1.19742001736e-05	4.77776626852e-07
54.75	0.000527728017326	2.16802452266e-05	1.32904329384e-05	6.16507467396e-07
55.25	0.000482872529962	2.18270620006e-05	1.25983587777e-05	4.67964773146e-07
55.75	0.000485409413375	2.40826786024e-05	1.28699324734e-05	4.93974748751e-07
56.25	0.000452617385093	2.03042976093e-05	1.32560290282e-05	5.64048352834e-07
56.75	0.000471384863198	2.32119640181e-05	1.33000209921e-05	6.45600946347e-07
57.25	0.000418060843426	1.78946083197e-05	1.42692317941e-05	7.8016834475e-07
57.75	0.000421950677445	1.9634788485e-05	1.19087027994e-05	5.00497007726e-07
58.25	0.000393624868127	1.95599791796e-05	1.17033454419e-05	4.67046951789e-07
58.75	0.000399219660721	1.96357727816e-05	1.17782848527e-05	6.46658052977e-07
59.25	0.000403002778536	2.03381478239e-05	9.9129763505e-06	3.7913928965e-07
59.75	0.000365638920623	1.9277642111e-05	9.77061468732e-06	4.54008555292e-07
60.25	0.000418139837203	2.03951223974e-05	9.69665953589e-06	4.95625573115e-07
60.75	0.00037853757365	1.75109721967e-05	9.52437031496e-06	4.34221472184e-07
61.25	0.000362739736907	1.72415921131e-05	9.26078614034e-06	4.30777275343e-07
61.75	0.000372547395856	1.93816333163e-05	7.71164365305e-06	3.56573258254e-07
62.25	0.000331766655966	1.60461967729e-05	8.60488735849e-06	4.48343306817e-07
62.75	0.000323206348173	1.77538183048e-05	7.75690911292e-06	3.72366744188e-07
63.25	0.000368016552698	1.91467759604e-05	8.32812442072e-06	3.62045537109e-07
63.75	0.000335253062693	1.74948489966e-05	7.55421691143e-06	3.48909657602e-07
64.25	0.000312961929527	1.74381161457e-05	7.85073275967e-06	3.61571459725e-07
64.75	0.000319709206294	1.70140576466e-05	8.13216349181e-06	3.58198715733e-07
65.25	0.00030649804932	1.58953948965e-05	7.78236478872e-06	4.86638413239e-07
65.75	0.000284996416372	1.63327479692e-05	7.15940688474e-06	4.31196365382e-07
66.25	0.000263838785757	1.44294337461e-05	7.41158377322e-06	3.97905605054e-07
66.75	0.000291817789867	1.71029696366e-05	6.92014946526e-06	2.91973669118e-07
67.25	0.000284778549391	1.78064881868e-05	6.79799638405e-06	4.00245848925e-07
67.75	0.000290587221941	1.79949025806e-05	6.44536040264e-06	3.58329048498e-07
68.25	0.000266295568762	1.57823574792e-05	6.15427571454e-06	2.58514939664e-07
68.75	0.00025159880089	1.5385599836e-05	6.92738553877e-06	4.33836394025e-07
69.25	0.000260084395623	1.5703179619e-05	5.60524643434e-06	3.47319961474e-07
69.75	0.000238431497103	1.49795324128e-05	4.93147564088e-06	2.14602767985e-07
70.25	0.000250777922568	1.52878987946e-05	5.8877966033e-06	4.72342663548e-07
70.75	0.000245140408476	1.45351997703e-05	4.6300262093e-06	3.17600790116e-07
71.25	0.000247586622618	1.68580483009e-05	5.02408950509e-06	2.91432755982e-07
71.75	0.000228617196562	1.5737603369e-05	4.75669895891e-06	2.67686857727e-07
72.25	0.00021516549157	1.39801420342e-05	4.50569452276e-06	2.41325085889e-07
72.75	0.000216848514035	1.29927216759e-05	4.21755032515e-06	2.26233925807e-07
73.25	0.000243300670097	1.49740816485e-05	4.6729987959e-06	4.0663411707e-07
73.75	0.000213027709235	1.35202805888e-05	5.0789730656e-06	5.64233331532e-07
74.25	0.000235739387915	1.94914171198e-05	3.55084634235e-06	2.15103188058e-07
74.75	0.000218635684333	1.30292851166e-05	3.66342450679e-06	2.36294274157e-07
75.25	0.000196876867606	1.28963853536e-05	3.58691954685e-06	2.54029250476e-07
75.75	0.000192277210976	1.13566770387e-05	3.40153340337e-06	1.97426827304e-07
76.25	0.000206987751362	1.66687186298e-05	3.30650186574e-06	2.19643017315e-07
76.75	0.000204831377057	1.44120273208e-05	2.94559287801e-06	1.80671998182e-07
77.25	0.000162824937377	1.07521574058e-05	2.9914666319e-06	2.48806421865e-07
77.75	0.000182040997712	1.22843039516e-05	2.62753584331e-06	1.56157391579e-07
78.25	0.000178195454376	1.30174893185e-05	2.7060444302e-06	1.89431231969e-07
78.75	0.000175443416466	1.22200411674e-05	2.66357305315e-06	2.32928129234e-07
79.25	0.000190088770415	1.56595883246e-05	2.64781480809e-06	1.81378446771e-07
79.75	0.000193454351736	1.6515520339e-05	2.31890891331e-06	1.43623535681e-07
80.25	0.000160286864166	1.16555250107e-05	2.42989939926e-06	2.32412132792e-07
80.75	0.000158499102776	1.22119359264e-05	2.28501513579e-06	1.56691141705e-07
81.25	0.000165184467308	1.35229497005e-05	2.14121086524e-06	1.8569575905e-07
81.75	0.000177706601042	1.35599782543e-05	2.2011975682e-06	1.95279939882e-07
82.25	0.000139451394916	1.12807232147e-05	2.10839606124e-06	1.97055883667e-07
82.75	0.000146538901351	1.17207867252e-05	1.93649882855e-06	2.08445872078e-07
83.25	0.000133228884656	1.08554893446e-05	1.98869082419e-06	1.91500246161e-07
83.75	0.00017096046484	1.32339785195e-05	1.89044230325e-06	2.21117315786e-07
84.25	0.000146167274685	1.08967501391e-05	1.93191277944e-06	1.84531678048e-07
84.75	0.000143544848692	1.11255178196e-05	1.68598872474e-06	1.58095674748e-07
85.25	0.000146927845579	1.13132987334e-05	1.55787046701e-06	1.27707375703e-07
85.75	0.000155947650352	1.28689816174e-05	1.50738585958e-06	1.48818188731e-07
86.25	0.0001425932295	1.1954805427e-05	1.52290475265e-06	1.35888727045e-07
86.75	0.000127775025189	9.23926585195e-06	1.34944327605e-06	1.12520864376e-07
87.25	0.000119176787711	9.0577442436e-06	1.36877393665e-06	1.89761212369e-07
87.75	0.000140348224484	1.09172858372e-05	1.4150686124e-06	1.35383768639e-07
88.25	0.000129085201997	1.17046221347e-05	1.57002428211e-06	1.97636065947e-07
88.75	0.000122416096617	1.21483878552e-05	1.21488876302e-06	1.88070205759e-07
89.25	0.000128788635046	1.26887461312e-05	1.1232139128e-06	1.10346103036e-07
89.75	0.000113858161104	8.45665932562e-06	1.07431803264e-06	1.09963671137e-07
90.25	0.00011746461038	1.0257117858e-05	8.50264151145e-07	7.6820458791e-08
90.75	0.000109583926261	9.24811167922e-06	9.49932232522e-07	8.98625059142e-08
91.25	0.000111183225053	8.38506143607e-06	1.02894578559e-06	1.08349608177e-07
91.75	0.000124232914119	1.17753608976e-05	1.09388496174e-06	1.09823079772e-07
92.25	0.000116618157018	1.29161206194e-05	9.49482295198e-07	9.54209839355e-08
92.75	0.00010240813464	8.80998821705e-06	8.91823874567e-07	9.15099992385e-08
93.25	9.05579426498e-05	9.52603977154e-06	8.11215674535e-07	9.68546545726e-08
93.75	0.000105766155524	1.03727945005e-05	8.76451476649e-07	7.65030172518e-08
94.25	0.000118223829325	1.05864512932e-05	6.55669829638e-07	6.63749553181e-08
94.75	0.000112732626977	9.8975898242e-06	8.18521703448e-07	9.57901602189e-08
95.25	0.000101260419702	9.70061970696e-06	7.07582242525e-07	8.38711128165e-08
95.75	0.000101521450773	1.11285852914e-05	1.00464368448e-06	1.59033263532e-07
96.25	0.000105776253663	1.09799663565e-05	5.25140931558e-07	4.98369325349e-08
96.75	8.67276774935e-05	7.08902636817e-06	6.45307089633e-07	7.9830623839e-08
97.25	0.000102067246477	8.89316975395e-06	5.93418777149e-07	7.47447064549e-08
97.75	9.97085284577e-05	8.58195526563e-06	5.96408603602e-07	7.28099393336e-08
98.25	9.23710809576e-05	9.14186528208e-06	6.3254635591e-07	7.30002993362e-08
98.75	9.24284286997e-05	8.45646354097e-06	5.53741424896e-07	6.64400317668e-08
99.25	9.75319210257e-05	9.60959740481e-06	5.11944918357e-07	1.25016211233e-07
99.75	9.13470475519e-05	9.65297879445e-06	4.82769411216e-07	5.01056088583e-08
