1.000000000000000056e-01 nan 0.000000000000000000e+00 nan 0.000000000000000000e+00 0.000000000000000000e+00 0.000000000000000000e+00 0.000000000000000000e+00
2.999999999999999889e-01 1.708638922236875501e+01 0.000000000000000000e+00 2.345611134534661760e-02 0.000000000000000000e+00 0.000000000000000000e+00 0.000000000000000000e+00 0.000000000000000000e+00
5.000000000000000000e-01 4.197630028443615657e+00 0.000000000000000000e+00 2.274246866221048616e-02 0.000000000000000000e+00 0.000000000000000000e+00 0.000000000000000000e+00 0.000000000000000000e+00
6.999999999999999556e-01 1.535638680630339037e+00 0.000000000000000000e+00 2.374936998728782028e-02 0.000000000000000000e+00 0.000000000000000000e+00 0.000000000000000000e+00 0.000000000000000000e+00
9.000000000000000222e-01 6.632007443743516140e-01 0.000000000000000000e+00 2.720954952405759894e-02 0.000000000000000000e+00 0.000000000000000000e+00 0.000000000000000000e+00 0.000000000000000000e+00
1.100000000000000089e+00 3.113779299595671457e-01 0.000000000000000000e+00 3.129793961183140877e-02 0.000000000000000000e+00 0.000000000000000000e+00 0.000000000000000000e+00 0.000000000000000000e+00
1.300000000000000044e+00 1.537627351202623949e-01 0.000000000000000000e+00 3.480810478216715687e-02 0.000000000000000000e+00 0.000000000000000000e+00 0.000000000000000000e+00 0.000000000000000000e+00
1.500000000000000000e+00 7.854646405522675012e-02 0.000000000000000000e+00 3.723647668829668106e-02 0.000000000000000000e+00 0.000000000000000000e+00 0.000000000000000000e+00 0.000000000000000000e+00
1.699999999999999956e+00 4.116079353454240447e-02 0.000000000000000000e+00 3.844890934798654569e-02 0.000000000000000000e+00 0.000000000000000000e+00 0.000000000000000000e+00 0.000000000000000000e+00
1.899999999999999911e+00 2.203413128639102048e-02 0.000000000000000000e+00 3.865920396136010573e-02 0.000000000000000000e+00 0.000000000000000000e+00 0.000000000000000000e+00 0.000000000000000000e+00
2.100000000000000089e+00 1.200193030900533614e-02 0.000000000000000000e+00 3.797138422445057310e-02 0.000000000000000000e+00 0.000000000000000000e+00 0.000000000000000000e+00 0.000000000000000000e+00
2.299999999999999822e+00 6.643654450471525238e-03 0.000000000000000000e+00 3.669017209719255962e-02 0.000000000000000000e+00 0.000000000000000000e+00 0.000000000000000000e+00 0.000000000000000000e+00
2.500000000000000000e+00 3.726047541572146630e-03 0.000000000000000000e+00 3.476822953463856725e-02 0.000000000000000000e+00 0.000000000000000000e+00 0.000000000000000000e+00 0.000000000000000000e+00
2.700000000000000178e+00 2.115163082984838818e-03 0.000000000000000000e+00 3.252491283932350957e-02 0.000000000000000000e+00 0.000000000000000000e+00 0.000000000000000000e+00 0.000000000000000000e+00
2.899999999999999911e+00 1.215531282590691245e-03 0.000000000000000000e+00 3.041726236100988218e-02 0.000000000000000000e+00 0.000000000000000000e+00 0.000000000000000000e+00 0.000000000000000000e+00
3.100000000000000089e+00 7.051714739352045458e-04 0.000000000000000000e+00 2.773445729447779340e-02 0.000000000000000000e+00 0.000000000000000000e+00 0.000000000000000000e+00 0.000000000000000000e+00
3.299999999999999822e+00 4.131392192137922767e-04 0.000000000000000000e+00 2.549566509353206473e-02 0.000000000000000000e+00 0.000000000000000000e+00 0.000000000000000000e+00 0.000000000000000000e+00
3.500000000000000000e+00 2.442233036451432185e-04 0.000000000000000000e+00 2.328964817817399252e-02 0.000000000000000000e+00 0.000000000000000000e+00 0.000000000000000000e+00 0.000000000000000000e+00
3.700000000000000178e+00 1.456017335786533387e-04 0.000000000000000000e+00 2.081738035443870052e-02 0.000000000000000000e+00 0.000000000000000000e+00 0.000000000000000000e+00 0.000000000000000000e+00
3.899999999999999911e+00 8.728746797584217973e-05 0.000000000000000000e+00 1.851401676404900234e-02 0.000000000000000000e+00 0.000000000000000000e+00 0.000000000000000000e+00 0.000000000000000000e+00
