2.000000000000000111e-01 1.927351762320000006e+01 0.000000000000000000e+00 1.299652234199526017e-02 0.000000000000000000e+00 0.000000000000000000e+00 0.000000000000000000e+00 0.000000000000000000e+00
4.000000000000000222e-01 3.016040506560000001e+00 0.000000000000000000e+00 1.588801241836489478e-02 0.000000000000000000e+00 0.000000000000000000e+00 0.000000000000000000e+00 0.000000000000000000e+00
5.999999999999999778e-01 8.975992085899999751e-01 0.000000000000000000e+00 1.516459197656229094e-02 0.000000000000000000e+00 0.000000000000000000e+00 0.000000000000000000e+00 0.000000000000000000e+00
8.000000000000000444e-01 3.419811252080000030e-01 0.000000000000000000e+00 1.503631862452888684e-02 0.000000000000000000e+00 0.000000000000000000e+00 0.000000000000000000e+00 0.000000000000000000e+00
1.000000000000000000e+00 1.454393845720000078e-01 0.000000000000000000e+00 1.588564505840742852e-02 0.000000000000000000e+00 0.000000000000000000e+00 0.000000000000000000e+00 0.000000000000000000e+00
1.199999999999999956e+00 6.556534294189998724e-02 0.000000000000000000e+00 1.715349936308567871e-02 0.000000000000000000e+00 0.000000000000000000e+00 0.000000000000000000e+00 0.000000000000000000e+00
1.399999999999999911e+00 3.066386699790000017e-02 0.000000000000000000e+00 1.838403598130642844e-02 0.000000000000000000e+00 0.000000000000000000e+00 0.000000000000000000e+00 0.000000000000000000e+00
1.600000000000000089e+00 1.472824063399999842e-02 0.000000000000000000e+00 1.933596290652775732e-02 0.000000000000000000e+00 0.000000000000000000e+00 0.000000000000000000e+00 0.000000000000000000e+00
1.800000000000000044e+00 7.226361057709998828e-03 0.000000000000000000e+00 1.991846189424348323e-02 0.000000000000000000e+00 0.000000000000000000e+00 0.000000000000000000e+00 0.000000000000000000e+00
2.000000000000000000e+00 3.610325713920000106e-03 0.000000000000000000e+00 2.012779776601965331e-02 0.000000000000000000e+00 0.000000000000000000e+00 0.000000000000000000e+00 0.000000000000000000e+00
2.200000000000000178e+00 1.832773110700000596e-03 0.000000000000000000e+00 2.000564199088774101e-02 0.000000000000000000e+00 0.000000000000000000e+00 0.000000000000000000e+00 0.000000000000000000e+00
2.399999999999999911e+00 9.439091477899996850e-04 0.000000000000000000e+00 1.961394366132468078e-02 0.000000000000000000e+00 0.000000000000000000e+00 0.000000000000000000e+00 0.000000000000000000e+00
2.600000000000000089e+00 4.925751250399999261e-04 0.000000000000000000e+00 1.902019808063498338e-02 0.000000000000000000e+00 0.000000000000000000e+00 0.000000000000000000e+00 0.000000000000000000e+00
2.799999999999999822e+00 2.601831057110000518e-04 0.000000000000000000e+00 1.828910355141644475e-02 0.000000000000000000e+00 0.000000000000000000e+00 0.000000000000000000e+00 0.000000000000000000e+00
3.000000000000000000e+00 1.389778142560000901e-04 0.000000000000000000e+00 1.747806651855800947e-02 0.000000000000000000e+00 0.000000000000000000e+00 0.000000000000000000e+00 0.000000000000000000e+00
3.200000000000000178e+00 7.500716802129995284e-05 0.000000000000000000e+00 1.663516064612288736e-02 0.000000000000000000e+00 0.000000000000000000e+00 0.000000000000000000e+00 0.000000000000000000e+00
3.399999999999999911e+00 4.087043697660000546e-05 0.000000000000000000e+00 1.579864185639052315e-02 0.000000000000000000e+00 0.000000000000000000e+00 0.000000000000000000e+00 0.000000000000000000e+00
3.600000000000000089e+00 2.246705749940001014e-05 0.000000000000000000e+00 1.499738889004191902e-02 0.000000000000000000e+00 0.000000000000000000e+00 0.000000000000000000e+00 0.000000000000000000e+00
3.799999999999999822e+00 1.245132376670000045e-05 0.000000000000000000e+00 1.425192301572519339e-02 0.000000000000000000e+00 0.000000000000000000e+00 0.000000000000000000e+00 0.000000000000000000e+00
4.000000000000000000e+00 6.952471607230003278e-06 0.000000000000000000e+00 1.357565702864145171e-02 0.000000000000000000e+00 0.000000000000000000e+00 0.000000000000000000e+00 0.000000000000000000e+00
