# t 	dNdt (2to2) 	error (2to2) 	dNdt (Brems) 	error (Brems) 	 (for pT in [0,1]) 
2.5	0.000243182165751	3.73657582314e-06	0.010674070335	6.10426718296e-05
7.5	0.00482692067174	1.84647067414e-05	0.19451780448	0.000282557518917
12.5	0.0232686630409	4.32390816991e-05	0.650858771551	0.000449839693108
17.5	0.0262696848334	5.21519792865e-05	0.545895226857	0.000412717198739
22.5	0.0171847542329	4.27037557775e-05	0.304940125398	0.000279912586085
27.5	0.0104744342185	3.26530509626e-05	0.169431399533	0.000190225796341
32.5	0.00671051293854	2.6026567698e-05	0.102117868145	0.000142579556934
37.5	0.0045771623318	2.27921705572e-05	0.0675946647865	0.000108103933686
42.5	0.00313138388252	1.8889758069e-05	0.0442546058301	9.01293710036e-05
47.5	0.00241220522917	1.5903807085e-05	0.0339356762082	7.65364645074e-05
52.5	0.00173536561973	1.35122895021e-05	0.0232714161451	6.12354461779e-05
57.5	0.00139816417484	1.13369255449e-05	0.0193236417822	5.36159687939e-05
62.5	0.00101728739057	1.05307157133e-05	0.0131979493146	4.52290814039e-05
67.5	0.000769772996844	8.87380321136e-06	0.0103252318601	3.81447885395e-05
72.5	0.000615144473925	7.60891843153e-06	0.00797152467038	3.18619491525e-05
77.5	0.00044010859139	6.69483339901e-06	0.00514704591819	2.32246884111e-05
82.5	0.00031019316041	6.00847592436e-06	0.00347711511541	1.92622099642e-05
87.5	0.000218257477277	5.22873571233e-06	0.00235188120079	1.41344847712e-05
92.5	0.000148280774654	4.09281080904e-06	0.00160122799857	1.20199594451e-05
97.5	0.000112965656192	3.69615319248e-06	0.00108026921374	9.23569672541e-06
102.5	7.70126131877e-05	3.07292115174e-06	0.000752811869583	7.64982536532e-06
107.5	4.77552242976e-05	2.22732742672e-06	0.000531553309619	5.50835726549e-06
112.5	3.89555144233e-05	2.07667052511e-06	0.000376918064787	4.21647465811e-06
117.5	2.7111617211e-05	1.88805058632e-06	0.000271581649966	3.40668737436e-06
122.5	1.86644292119e-05	1.62363805888e-06	0.000201576815207	3.09226046142e-06
127.5	1.68941179325e-05	1.45508463102e-06	0.000155628599142	2.89057719647e-06
132.5	1.32209076265e-05	1.42494944051e-06	0.000113042914276	2.2235373363e-06
137.5	9.62852173357e-06	1.1564004978e-06	8.65912129697e-05	1.69449386402e-06
142.5	7.55583186278e-06	9.71279474749e-07	6.89861280523e-05	1.38054710533e-06
147.5	5.7240347523e-06	7.88275131936e-07	5.33132961819e-05	1.25122215207e-06
152.5	5.47370281519e-06	8.2833070233e-07	4.22706537099e-05	1.14510559305e-06
157.5	3.33518496647e-06	5.6171600457e-07	3.49079463577e-05	1.15957884213e-06
162.5	3.90441824391e-06	6.64547041003e-07	2.86719528244e-05	8.52585567893e-07
167.5	3.58583265319e-06	8.71353294049e-07	2.31738971987e-05	6.51275268534e-07
172.5	3.24923959895e-06	7.94555390982e-07	1.94011273577e-05	6.18362380136e-07
177.5	2.16719110866e-06	6.15180164521e-07	1.5967623071e-05	5.28061028835e-07
182.5	1.96953104188e-06	4.60808531893e-07	1.34099188379e-05	3.9688556051e-07
187.5	1.27279999262e-06	3.73066041418e-07	1.11517648665e-05	3.80166756462e-07
192.5	1.35293086868e-06	3.29930061291e-07	1.01863244723e-05	3.87036230109e-07
197.5	1.15249146002e-06	3.65587774032e-07	9.0715543867e-06	3.47136179196e-07
202.5	1.09688119105e-06	3.97722422212e-07	7.58256060384e-06	3.27199764709e-07
207.5	1.05801055887e-06	3.16784983465e-07	7.31226722987e-06	3.99388785701e-07
212.5	8.97782495881e-07	3.03933380893e-07	5.8719239304e-06	2.4811777587e-07
217.5	6.01740573877e-07	3.61941066374e-07	5.16629952292e-06	2.59322448223e-07
222.5	7.61755473351e-07	2.68980629717e-07	5.00034657894e-06	2.53629810154e-07
227.5	6.59324304928e-07	2.87495208262e-07	4.10276983992e-06	1.95438364722e-07
232.5	6.36698708197e-07	3.1180341982e-07	3.9641144651e-06	1.97035004964e-07
237.5	5.12748977258e-07	2.50821333293e-07	3.47189802064e-06	1.94797927337e-07
242.5	2.27154335507e-07	1.26469230811e-07	2.9080770546e-06	1.82912424581e-07
247.5	7.14771203383e-07	2.47072529099e-07	2.84361808277e-06	1.5598565433e-07
252.5	4.11260464201e-07	2.76636145219e-07	2.71734119471e-06	1.50197817562e-07
257.5	1.40243845368e-07	7.58642124985e-08	2.29346389392e-06	1.41716424409e-07
262.5	6.83070948371e-08	3.58179383238e-08	2.05504421119e-06	1.21232766164e-07
267.5	3.65061064878e-08	2.38267171219e-08	2.32257596362e-06	1.89488654017e-07
272.5	6.95715275221e-08	5.08703993729e-08	1.8897771035e-06	1.16892639592e-07
277.5	5.12689024759e-08	4.76977297371e-08	1.88149431879e-06	1.47499181967e-07
282.5	1.39692629137e-07	1.01464399378e-07	1.59942273236e-06	1.16520282242e-07
287.5	2.56004429496e-07	2.22441596562e-07	1.65463622414e-06	1.43413518908e-07
292.5	1.45195510935e-08	7.10696636331e-09	1.40973611174e-06	1.02585739499e-07
297.5	1.50489973288e-07	1.49992004932e-07	1.24129204252e-06	9.01739560857e-08
302.5	8.00800050272e-08	7.00883026591e-08	1.16776853193e-06	9.66799995273e-08
307.5	6.08817539888e-08	4.25498939219e-08	1.06994360452e-06	1.00931632875e-07
312.5	2.17635941158e-08	2.15012614634e-08	1.10304741085e-06	1.05495452129e-07
317.5	3.37840888288e-08	2.80517141883e-08	1.11195851864e-06	1.17577198755e-07
322.5	4.71885159058e-09	3.24498345009e-09	9.18159757593e-07	7.34516825803e-08
327.5	2.08021821767e-09	1.61350090352e-09	7.92708498613e-07	8.80103346743e-08
332.5	8.76297753923e-08	6.30619697418e-08	7.72152400207e-07	1.05595301152e-07
337.5	2.62796481795e-09	1.23306395443e-09	7.13683092358e-07	7.62944774396e-08
342.5	4.46946348725e-11	4.46946348725e-11	7.18727171182e-07	7.75331389864e-08
347.5	6.27781748957e-08	4.64351246602e-08	6.60640134341e-07	7.61746175799e-08
352.5	2.8839618323e-09	2.8839618323e-09	4.88043675939e-07	4.59223368866e-08
357.5	3.14942686372e-09	2.87274623393e-09	6.75981570458e-07	8.0883437718e-08
362.5	1.72405441896e-07	1.31854846916e-07	6.51816387377e-07	7.30179106902e-08
367.5	5.27178160068e-08	3.87693332949e-08	4.53967495532e-07	6.61328671299e-08
372.5	4.21982488707e-08	4.19310816194e-08	5.42032660671e-07	8.52962085142e-08
377.5	3.40121606195e-08	2.81006946569e-08	4.3839769198e-07	4.84405994133e-08
382.5	4.25909796615e-09	3.41733813516e-09	4.32624961608e-07	6.90352975956e-08
387.5	2.32016773161e-08	2.13430289078e-08	5.21780159429e-07	7.73214822387e-08
392.5	4.18669529356e-08	4.08372996575e-08	4.42224729384e-07	7.13167963644e-08
397.5	1.38806206492e-07	1.38618749332e-07	3.42861209334e-07	6.18162604724e-08
402.5	1.45816357761e-08	1.4581635776e-08	5.03158925021e-07	2.2557888644e-07
407.5	0.0	0.0	2.59971854338e-07	2.88315179894e-08
412.5	1.39214490306e-08	1.39214490305e-08	2.43862630301e-07	3.26363469874e-08
417.5	1.13157012837e-10	1.13157012837e-10	3.49918591388e-07	5.0180662338e-08
422.5	8.0223795182e-10	8.0223795182e-10	2.84985836782e-07	4.44853985601e-08
427.5	1.76624606714e-09	1.76624606714e-09	1.80708547217e-07	1.84943692033e-08
432.5	2.61721719848e-09	2.61721719848e-09	2.41477514414e-07	6.02306150789e-08
437.5	0.0	0.0	1.95924674653e-07	2.78075578548e-08
442.5	2.71807179891e-08	2.47541458441e-08	2.62553334341e-07	3.69338461331e-08
447.5	0.0	0.0	1.98324896769e-07	5.46137474313e-08
452.5	0.0	0.0	1.9147208662e-07	2.90889622488e-08
457.5	8.03228196083e-09	8.03228196082e-09	1.76796846536e-07	2.84070698635e-08
462.5	0.0	0.0	1.70404070858e-07	3.37236087607e-08
467.5	0.0	0.0	1.77078831499e-07	3.47775175297e-08
472.5	1.09626087358e-11	1.09626087358e-11	2.22626410411e-07	7.09883126172e-08
477.5	0.0	0.0	1.74042873118e-07	4.82367986181e-08
482.5	8.85775678195e-09	8.85775678195e-09	1.56701289585e-07	3.25587628e-08
487.5	0.0	0.0	1.55177780634e-07	3.35921265926e-08
492.5	3.56239860398e-10	3.56239860397e-10	1.46708141081e-07	2.3297649715e-08
497.5	0.0	0.0	2.38616360487e-07	6.51853410303e-08
502.5	0.0	0.0	8.45242169708e-08	1.06790471135e-08
507.5	0.0	0.0	1.27357153683e-07	2.45024323043e-08
512.5	1.99123627765e-08	1.99123627766e-08	1.37921471279e-07	2.49010700828e-08
517.5	1.97540169214e-08	1.74187218762e-08	1.34636330587e-07	2.5354071517e-08
522.5	6.59650766767e-09	6.59650766768e-09	7.5670126364e-08	2.01456935217e-08
527.5	0.0	0.0	1.0621400289e-07	2.09018075763e-08
532.5	0.0	0.0	8.11585072694e-08	2.22553761439e-08
537.5	0.0	0.0	9.70760731949e-08	1.74572072158e-08
542.5	0.0	0.0	5.9402310325e-08	9.30167604686e-09
547.5	1.07063311649e-11	1.07063311649e-11	8.5694889459e-08	2.26751247968e-08
552.5	1.84185233266e-10	1.84185233266e-10	6.61931483068e-08	9.91868059604e-09
557.5	0.0	0.0	7.47927394816e-08	2.64627904493e-08
562.5	1.05277922141e-11	1.05277922141e-11	5.49514534079e-08	1.09265254545e-08
567.5	5.21020624287e-09	5.21020624287e-09	1.18891094604e-07	3.00763605754e-08
572.5	7.6670266464e-08	7.49950335197e-08	6.52260986797e-08	1.49830063182e-08
577.5	2.70016773977e-09	2.70016773977e-09	4.73095284369e-08	8.78012990046e-09
582.5	0.0	0.0	1.44653937596e-07	5.11524519129e-08
587.5	0.0	0.0	5.16211978937e-08	1.00349388254e-08
592.5	0.0	0.0	4.48243056778e-08	1.27482079819e-08
597.5	7.31703906835e-11	7.31703906835e-11	5.57723596617e-08	1.37027835373e-08
602.5	0.0	0.0	6.32627506805e-08	2.03541958909e-08
607.5	0.0	0.0	5.151280504e-08	1.15724732321e-08
612.5	0.0	0.0	7.56948396008e-08	1.84750502553e-08
617.5	0.0	0.0	6.66973362797e-08	1.96941205237e-08
622.5	0.0	0.0	7.45709225773e-08	3.1692490251e-08
627.5	0.0	0.0	5.86388932395e-08	1.28877387814e-08
632.5	0.0	0.0	3.89755953633e-08	7.8514163209e-09
637.5	0.0	0.0	3.97790512728e-08	1.42161005355e-08
642.5	0.0	0.0	5.1979508398e-08	1.65206387587e-08
647.5	0.0	0.0	1.06623010228e-07	2.39638784875e-08
652.5	0.0	0.0	4.84577400042e-08	1.32528930199e-08
657.5	0.0	0.0	2.32199290736e-08	5.0020092713e-09
662.5	0.0	0.0	4.89251065241e-08	1.9760751722e-08
667.5	0.0	0.0	3.64830161339e-08	8.9303517042e-09
672.5	0.0	0.0	5.0346349886e-08	1.87681371415e-08
677.5	0.0	0.0	5.30786071656e-08	1.64715952917e-08
682.5	0.0	0.0	9.00305282402e-08	4.20940023166e-08
687.5	0.0	0.0	2.31775688228e-08	6.40302436379e-09
692.5	0.0	0.0	4.26582143567e-08	1.07921139955e-08
697.5	0.0	0.0	5.26412747051e-08	2.44816052315e-08
702.5	0.0	0.0	3.51368607648e-08	1.26718264138e-08
707.5	0.0	0.0	2.64757312252e-08	7.25969295484e-09
712.5	0.0	0.0	1.99190606105e-08	6.29115240234e-09
717.5	0.0	0.0	3.79581676945e-08	1.48270839111e-08
722.5	1.04149200916e-08	1.04149200916e-08	5.52207147598e-08	3.93293257043e-08
727.5	0.0	0.0	2.10325538542e-08	5.1379102476e-09
732.5	0.0	0.0	8.79704778683e-08	4.40625241462e-08
737.5	0.0	0.0	2.52886233577e-08	1.00922753734e-08
742.5	0.0	0.0	7.30236945527e-08	4.65121750193e-08
747.5	0.0	0.0	1.37007446166e-08	4.08182283205e-09
752.5	0.0	0.0	3.6064752744e-08	1.08185046498e-08
757.5	0.0	0.0	3.81642129419e-08	1.67071421326e-08
762.5	0.0	0.0	6.55340587717e-08	4.32207581554e-08
767.5	0.0	0.0	8.96460890484e-09	2.42577057413e-09
772.5	0.0	0.0	2.28424636052e-08	8.75850029718e-09
777.5	0.0	0.0	5.77261451123e-08	4.11209800948e-08
782.5	0.0	0.0	3.35717287851e-08	1.29339227668e-08
787.5	0.0	0.0	1.99549657785e-08	5.89002564538e-09
792.5	0.0	0.0	1.6319501276e-08	1.01604394428e-08
797.5	0.0	0.0	3.95057941144e-08	2.1024291891e-08
802.5	0.0	0.0	2.18224150659e-08	1.01399234335e-08
807.5	0.0	0.0	1.00810496076e-08	2.99489815926e-09
812.5	0.0	0.0	1.93644125399e-08	7.39054459607e-09
817.5	0.0	0.0	2.37257080423e-08	9.13460145479e-09
822.5	0.0	0.0	1.39790980156e-08	6.18558052794e-09
827.5	0.0	0.0	2.07286726e-08	8.09390962794e-09
832.5	3.01321945515e-10	3.01321945515e-10	1.07338398675e-08	2.94067345572e-09
837.5	0.0	0.0	2.01304519444e-08	9.88222163039e-09
842.5	0.0	0.0	1.27809276293e-08	5.62935619337e-09
847.5	0.0	0.0	3.17091077094e-08	2.41875166317e-08
852.5	0.0	0.0	3.56627978741e-09	9.89391163024e-10
857.5	0.0	0.0	5.63982973117e-09	2.99195551562e-09
862.5	0.0	0.0	3.28516349634e-08	1.56750251945e-08
867.5	0.0	0.0	1.32310400946e-08	6.37069281552e-09
872.5	0.0	0.0	2.24698124795e-08	1.09293552997e-08
877.5	0.0	0.0	1.85344128161e-09	6.20733695982e-10
882.5	0.0	0.0	1.86805745175e-08	7.84503745624e-09
887.5	0.0	0.0	1.9316045963e-08	8.5936041991e-09
892.5	0.0	0.0	2.30534856822e-08	1.18379657972e-08
897.5	0.0	0.0	6.82537888567e-09	2.21584567301e-09
902.5	0.0	0.0	1.35420775504e-08	7.03920565586e-09
907.5	0.0	0.0	2.02760236612e-08	1.0831436134e-08
912.5	8.6511356424e-10	8.6511356424e-10	3.4208951676e-09	1.37118014588e-09
917.5	0.0	0.0	4.85393300918e-09	2.65358962439e-09
922.5	0.0	0.0	1.08382968052e-08	3.96509365735e-09
927.5	0.0	0.0	8.4610537208e-09	3.88327192698e-09
932.5	0.0	0.0	2.9008327216e-09	7.71264456702e-10
937.5	0.0	0.0	1.83043285822e-08	1.19832202882e-08
942.5	0.0	0.0	1.4066380104e-08	6.1905542227e-09
947.5	0.0	0.0	5.09806058715e-08	3.1664908422e-08
952.5	0.0	0.0	2.98290749546e-09	1.26371308903e-09
957.5	0.0	0.0	2.55626809275e-08	1.48968142655e-08
962.5	0.0	0.0	1.1137593219e-08	5.09036481289e-09
967.5	0.0	0.0	2.94134033e-09	9.85791832569e-10
972.5	0.0	0.0	3.18470608524e-09	1.28739079365e-09
977.5	0.0	0.0	3.97591829004e-08	2.43581016229e-08
982.5	0.0	0.0	2.10979680232e-08	1.67901138248e-08
987.5	0.0	0.0	1.17089575984e-08	5.37124378417e-09
992.5	0.0	0.0	6.45763851543e-09	3.77708498523e-09
997.5	0.0	0.0	6.90385864395e-09	3.9505823327e-09
