#pt	yield	yield*vn_cos[1]	 yield*vn_sin[1]	yield*vn_cos[2]	 yield*vn_sin[2]	yield*vn_cos[3]	 yield*vn_sin[3]	yield*vn_cos[4]	 yield*vn_sin[4]	yield*vn_cos[5]	 yield*vn_sin[5]	yield*vn_cos[6]	 yield*vn_sin[6]
2.0000000000e-01	4.7568965241e-04	-4.5650617789e-20	2.4251890700e-20	-1.7118981671e-20	3.4237963342e-20	2.2825308894e-20	-2.8531636118e-21	-4.4224035983e-20	5.1356945012e-20	-7.7748708422e-20	8.2741744742e-20	-1.2268603531e-19	-2.1113410727e-19
4.0000000000e-01	5.0458334715e-05	-3.2098090633e-21	-1.7832272574e-22	-7.1329090295e-22	3.5664545148e-21	3.5664545148e-21	-2.4965181603e-21	-3.7447772405e-21	4.2797454177e-21	-7.8907806139e-21	9.2727817384e-21	-1.2482590802e-20	-2.2825308894e-20
6.0000000000e-01	1.1067081099e-05	-6.2412954008e-22	3.5664545148e-22	-6.2412954008e-22	1.1145170359e-21	6.2412954008e-22	-1.7832272574e-22	-8.6932328797e-22	8.9161362869e-22	-1.5547512650e-21	1.7832272574e-21	-2.5856795232e-21	-4.9038749578e-21
8.0000000000e-01	3.3765180833e-06	-2.6748408861e-22	8.9161362869e-23	-1.1145170359e-22	4.0122613291e-22	1.8946789610e-22	-1.1145170359e-22	-2.8420184414e-22	3.1206477004e-22	-4.9317378837e-22	6.2412954008e-22	-8.3588777690e-22	-1.4711624873e-21
1.0000000000e+00	1.0978189698e-06	-6.6871022152e-23	2.7862925897e-24	-1.6717755538e-23	1.1702428877e-22	4.4580681434e-23	-1.1145170359e-23	-9.4733948048e-23	8.9161362869e-23	-1.4140434892e-22	2.0061306645e-22	-2.5633891825e-22	-4.7924232542e-22
1.2000000000e+00	3.5065424720e-07	-5.5725851793e-24	3.2738937928e-23	-1.6717755538e-23	1.9504048128e-23	1.5324609243e-23	-5.5725851793e-24	-3.4828657371e-23	3.9008096255e-23	-4.9282550179e-23	5.8512144383e-23	-8.7768216574e-23	-1.5324609243e-22
1.4000000000e+00	1.0880512976e-07	-6.9657314741e-24	-3.8311523108e-24	-6.2691583267e-24	1.1145170359e-23	4.8760120319e-24	-2.7862925897e-24	-8.7071643427e-24	1.0448597211e-23	-1.6282397321e-23	1.8807474980e-23	-2.7166352749e-23	-4.7366974024e-23
1.6000000000e+00	3.2937993326e-08	-1.0448597211e-24	-6.0950150399e-25	-2.0897194422e-24	2.6121493028e-24	1.0448597211e-24	-3.4828657371e-25	-3.0475075199e-24	3.1345791634e-24	-5.2896023382e-24	5.2242986056e-24	-8.4459494124e-24	-1.4628036096e-23
1.8000000000e+00	9.7876716942e-09	-1.2190030080e-24	-1.0883955428e-25	-3.4828657371e-25	6.9657314741e-25	3.4828657371e-25	-1.7414328685e-25	-7.8364479084e-25	1.1319313645e-24	-1.3931462948e-24	1.5672895817e-24	-2.5250776594e-24	-4.2665105279e-24
2.0000000000e+00	2.8688667286e-09	-1.5237537600e-25	2.3944701942e-25	-1.3060746514e-25	2.6121493028e-25	1.0883955428e-25	-1.0883955428e-25	-2.5577295257e-25	2.8298284114e-25	-4.0814832856e-25	4.1359030628e-25	-7.4010896913e-25	-1.2407709188e-24
2.2000000000e+00	8.3247854332e-10	-4.8977799427e-26	8.4350654570e-26	-1.6325933142e-26	1.0883955428e-25	2.1767910857e-26	-2.1767910857e-26	-6.9385215856e-26	9.2513621141e-26	-1.3060746514e-25	1.3060746514e-25	-2.1223713085e-25	-3.8093843999e-25
2.4000000000e+00	2.3975880856e-10	-1.0883955428e-26	8.1629665712e-27	-1.3604944285e-27	1.9046922000e-26	9.5234609998e-27	-1.3604944285e-27	-2.5169146928e-26	2.5849394142e-26	-3.9794462035e-26	4.3535821713e-26	-6.0542002070e-26	-1.0475807100e-25
2.6000000000e+00	6.8657291279e-11	-8.1629665712e-27	4.0814832856e-27	-3.0611124642e-27	3.0611124642e-27	3.4012360714e-27	-1.3604944285e-27	-5.4419777142e-27	6.1222249284e-27	-1.0331254567e-26	1.0883955428e-26	-1.6836118553e-26	-3.1971619071e-26
2.8000000000e+00	1.9572776636e-11	-2.8910506606e-27	8.5030901784e-29	-3.4012360714e-28	2.2108034464e-27	1.1054017232e-27	-8.5030901784e-28	-1.9557107410e-27	2.0407416428e-27	-2.9335661115e-27	3.2311742678e-27	-5.2719159106e-27	-8.5030901784e-27
3.0000000000e+00	5.5595160196e-12	-7.2276266516e-28	2.5509270535e-28	-2.1257725446e-28	5.5270086159e-28	2.3383497991e-28	-1.7006180357e-28	-4.6766995981e-28	6.8024721427e-28	-8.6093788056e-28	1.0203708214e-27	-1.3817521540e-27	-2.4233807008e-27
3.2000000000e+00	1.5742889237e-12	-6.3773176338e-29	-4.2515450892e-29	-5.3144313615e-29	1.7006180357e-28	1.0097419587e-28	-1.0628862723e-29	-1.4614686244e-28	1.3817521540e-28	-2.4446384263e-28	2.6572156807e-28	-4.0389678347e-28	-6.9087607699e-28
3.4000000000e+00	4.4459012292e-13	-2.6572156807e-29	-1.7271901925e-29	-2.6572156807e-29	5.0487097934e-29	1.0628862723e-29	0.0000000000e+00	-3.5208107770e-29	3.9858235211e-29	-6.4769632218e-29	7.9716470422e-29	-1.1293166643e-28	-1.9397674469e-28
3.6000000000e+00	1.2524547384e-13	-6.6430392019e-30	8.6359509624e-30	-5.9787352817e-30	1.5943294084e-29	4.6501274413e-30	-3.9858235211e-30	-1.3950382324e-29	1.4614686244e-29	-2.0842535496e-29	2.2586333286e-29	-3.3215196009e-29	-5.5801529296e-29
3.8000000000e+00	3.5200277078e-14	-2.3250637207e-30	1.3286078404e-30	-9.9645588028e-31	3.4875955810e-30	1.1625318603e-30	-1.3286078404e-30	-2.7402536708e-30	3.6536715610e-30	-4.7124059338e-30	6.3108872418e-30	-8.5529129724e-30	-1.5278990164e-29
4.0000000000e+00	9.8705827657e-15	-4.9822794014e-31	-2.2835447256e-31	-4.1518995012e-31	8.3037990023e-31	2.4911397007e-31	-4.1518995012e-31	-8.9265839275e-31	1.0794938703e-30	-1.6140509311e-30	1.4946838204e-30	-2.5326586957e-30	-4.3179754812e-30
