#pt	yield	yield*vn_cos[1]	 yield*vn_sin[1]	yield*vn_cos[2]	 yield*vn_sin[2]	yield*vn_cos[3]	 yield*vn_sin[3]	yield*vn_cos[4]	 yield*vn_sin[4]	yield*vn_cos[5]	 yield*vn_sin[5]	yield*vn_cos[6]	 yield*vn_sin[6]
2.0000000000e-01	3.2700777181e-04	-2.2825308894e-20	1.4265818059e-21	-1.4265818059e-20	3.7091126953e-20	9.9860726413e-21	-1.4265818059e-20	-2.4965181603e-20	3.1384799730e-20	-4.5828940515e-20	5.7063272236e-20	-8.7021490160e-20	-1.4551134420e-19
4.0000000000e-01	3.6257446373e-05	-2.4965181603e-21	2.7640022489e-21	-1.4265818059e-21	4.8147135949e-21	2.4965181603e-21	-3.5664545148e-22	-3.0314863375e-21	3.9230999662e-21	-5.1490687057e-21	6.0629726751e-21	-9.9860726413e-21	-1.6049045316e-20
6.0000000000e-01	1.0628847746e-05	-9.8077499156e-22	-5.5725851793e-22	-2.6748408861e-22	1.0253556730e-21	2.2290340717e-22	-4.4580681434e-22	-8.6932328797e-22	1.0699363544e-21	-1.6550577983e-21	1.7832272574e-21	-2.7640022489e-21	-4.5472295063e-21
8.0000000000e-01	3.5759232927e-06	-1.3374204430e-22	1.1145170359e-22	-1.5603238502e-22	3.7893579219e-22	1.7832272574e-22	0.0000000000e+00	-3.2320994040e-22	3.5664545148e-22	-5.2103671426e-22	6.2412954008e-22	-8.9161362869e-22	-1.6049045316e-21
1.0000000000e+00	1.1391273960e-06	-5.5725851793e-23	-2.5076633307e-23	-6.6871022152e-23	1.0587911841e-22	5.0153266614e-23	-5.5725851793e-24	-1.0587911841e-22	1.1145170359e-22	-1.6648098223e-22	2.0061306645e-22	-2.7305667379e-22	-5.3496817721e-22
1.2000000000e+00	3.4325062361e-07	-2.2290340717e-23	8.3588777690e-24	-1.6717755538e-23	4.4580681434e-23	1.9504048128e-23	0.0000000000e+00	-2.3683487012e-23	3.0649218486e-23	-4.8760120319e-23	6.1298436972e-23	-8.6375070279e-23	-1.5324609243e-22
1.4000000000e+00	9.9792867809e-08	-9.0554509164e-24	1.2886603227e-23	-2.7862925897e-24	1.0448597211e-23	4.5277254582e-24	-1.3931462948e-24	-9.7520240638e-24	9.0554509164e-24	-1.3931462948e-23	1.6021182391e-23	-2.4380060159e-23	-4.3884108287e-23
1.6000000000e+00	2.8338630788e-08	-2.7862925897e-24	6.0950150399e-25	-1.0448597211e-24	2.2638627291e-24	1.5672895817e-24	-3.4828657371e-25	-2.4380060159e-24	3.1345791634e-24	-4.1794388845e-24	4.8760120319e-24	-7.1398747610e-24	-1.2364173367e-23
1.8000000000e+00	7.9298068484e-09	-6.0950150399e-25	2.1767910857e-26	-2.6121493028e-25	6.9657314741e-25	2.1767910857e-25	-2.1767910857e-25	-7.4010896913e-25	6.9657314741e-25	-1.1645832308e-24	1.3060746514e-24	-1.8720403337e-24	-3.6570090239e-24
2.0000000000e+00	2.1987657190e-09	-1.5237537600e-25	-1.0883955428e-25	-5.4419777142e-26	1.9591119771e-25	1.1972350971e-25	2.1767910857e-26	-2.1767910857e-25	2.1767910857e-25	-3.1835569628e-25	3.9182239542e-25	-5.6052370456e-25	-9.3602016684e-25
2.2000000000e+00	6.0618827082e-10	-5.4419777142e-27	-8.1629665712e-27	-1.6325933142e-26	4.0814832856e-26	4.6256810570e-26	-5.4419777142e-27	-5.0338293856e-26	5.9861754856e-26	-9.0472879498e-26	1.0339757657e-25	-1.5237537600e-25	-2.6121493028e-25
2.4000000000e+00	1.6650825494e-10	-1.3604944285e-26	-3.0611124642e-27	-6.8024721427e-27	1.7686427571e-26	1.0883955428e-26	0.0000000000e+00	-1.6325933142e-26	2.0407416428e-26	-2.5594301437e-26	2.7209888571e-26	-4.1495080071e-26	-7.3466699141e-26
2.6000000000e+00	4.5628686359e-11	-3.4012360714e-27	-6.8024721427e-28	-2.0407416428e-27	3.0611124642e-27	2.3808652499e-27	-1.7006180357e-27	-4.1665141874e-27	3.4012360714e-27	-7.3976884552e-27	8.1629665712e-27	-1.1734264446e-26	-2.0067292821e-26
2.8000000000e+00	1.2487430686e-11	-9.3533991962e-28	8.0779356695e-28	-5.1018541070e-28	1.6155871339e-27	4.6766995981e-28	-6.8024721427e-28	-9.9911309596e-28	1.1904326250e-27	-1.7962778002e-27	2.1257725446e-27	-3.0611124642e-27	-5.5270086159e-27
3.0000000000e+00	3.4102532131e-12	-3.1886588169e-28	1.7006180357e-28	-1.4880407812e-28	2.5509270535e-28	1.7006180357e-28	-4.2515450892e-29	-2.9229372488e-28	2.9760815624e-28	-4.8361325390e-28	5.5270086159e-28	-8.8219560601e-28	-1.5305562321e-27
3.2000000000e+00	9.3209818190e-13	-1.0097419587e-28	-7.9716470422e-30	-3.7201019530e-29	6.9087607699e-29	3.1886588169e-29	-2.6572156807e-29	-9.0345333145e-29	1.0097419587e-28	-1.6674028397e-28	1.4880407812e-28	-2.3383497991e-28	-4.0921121483e-28
3.4000000000e+00	2.5114517999e-13	-1.0628862723e-29	1.4614686244e-29	-1.5943294084e-29	1.5943294084e-29	5.3144313615e-30	-1.0628862723e-29	-2.0593421526e-29	2.1257725446e-29	-3.7201019530e-29	4.5172666573e-29	-6.4437480258e-29	-1.0894584291e-28
3.6000000000e+00	6.8734229224e-14	-5.9787352817e-30	0.0000000000e+00	-1.6607598005e-30	2.6572156807e-30	2.6572156807e-30	-3.3215196009e-30	-4.4840514613e-30	6.6430392019e-30	-9.0926599075e-30	1.0628862723e-29	-1.7105825945e-29	-3.0557980329e-29
3.8000000000e+00	1.6688933101e-14	-1.1625318603e-30	2.9063296508e-31	-1.6607598005e-31	1.0794938703e-30	7.4734191021e-31	-3.3215196009e-31	-1.4531648254e-30	1.6607598005e-30	-2.2939244744e-30	2.8232916608e-30	-4.4010134712e-30	-7.4734191021e-30
4.0000000000e+00	0.0000000000e+00	0.0000000000e+00	0.0000000000e+00	0.0000000000e+00	0.0000000000e+00	0.0000000000e+00	0.0000000000e+00	0.0000000000e+00	0.0000000000e+00	0.0000000000e+00	0.0000000000e+00	0.0000000000e+00	0.0000000000e+00
