#pt	yield	yield*vn_cos[1]	 yield*vn_sin[1]	yield*vn_cos[2]	 yield*vn_sin[2]	yield*vn_cos[3]	 yield*vn_sin[3]	yield*vn_cos[4]	 yield*vn_sin[4]	yield*vn_cos[5]	 yield*vn_sin[5]	yield*vn_cos[6]	 yield*vn_sin[6]
2.0000000000e-01	3.7671402398e+00	-2.5858265018e-02	2.1641520482e-02	5.2218107708e-02	5.8566726460e-02	-2.2394313152e-02	1.2480244186e-01	-1.3326378003e-03	1.2842190710e-02	-6.7264335191e-04	4.8937988646e-04	-3.5733580584e-03	-1.1425941883e-03
4.0000000000e-01	4.0638587644e-01	-2.1667040947e-03	2.3536376863e-03	9.5679076509e-03	1.1044462263e-02	-5.2954894691e-03	2.9635423599e-02	-3.8132876673e-04	3.8060502349e-03	-2.4799894182e-04	1.5578053090e-04	-1.5608456117e-03	-4.7900697607e-04
6.0000000000e-01	7.8153188247e-02	-1.0373771913e-04	3.3629240604e-04	2.4247421769e-03	2.9016015748e-03	-1.5781393682e-03	8.8570627821e-03	-1.2327887051e-04	1.2971529416e-03	-9.5159094344e-05	4.9315237696e-05	-6.5452445847e-04	-2.0146011314e-04
8.0000000000e-01	1.9717538720e-02	8.7187571701e-05	3.4065218182e-05	7.2710766354e-04	9.1099544381e-04	-5.3926630357e-04	3.0383515759e-03	-4.3553934616e-05	4.9297460291e-04	-3.9686518464e-05	1.4761888586e-05	-2.9289234715e-04	-9.0602695120e-05
1.0000000000e+00	5.8352517433e-03	6.7332062856e-05	-9.9065630396e-06	2.4031636622e-04	3.1910658867e-04	-2.0032180987e-04	1.1347566186e-03	-1.5995830788e-05	2.0044395610e-04	-1.7530607928e-05	3.1435337339e-06	-1.3674080150e-04	-4.2586636162e-05
1.2000000000e+00	1.9195624694e-03	3.7956908505e-05	-1.1052167524e-05	8.4364562900e-05	1.2041673701e-04	-7.8718272182e-05	4.4898693350e-04	-5.9649674081e-06	8.5286036617e-05	-8.0600747076e-06	-3.8797736889e-07	-6.5386793775e-05	-2.0534443033e-05
1.4000000000e+00	6.8113926935e-04	1.9716908905e-05	-6.9754454371e-06	3.0779718931e-05	4.7977079761e-05	-3.2228596181e-05	1.8530705361e-04	-2.2361203232e-06	3.7512111387e-05	-3.8159616773e-06	-1.1100814899e-06	-3.1717764589e-05	-1.0061898318e-05
1.6000000000e+00	2.5593439179e-04	9.9595539636e-06	-3.8277145623e-06	1.1504378185e-05	1.9930519386e-05	-1.3622184512e-05	7.9011582451e-05	-8.3918169712e-07	1.6930288510e-05	-1.8469280247e-06	-9.8158454758e-07	-1.5534276822e-05	-4.9881878308e-06
1.8000000000e+00	1.0059475134e-04	4.9844214726e-06	-1.9857580547e-06	4.3584681489e-06	8.5604805027e-06	-5.9094995549e-06	3.4581715065e-05	-3.1529149993e-07	7.8022005557e-06	-9.0953262535e-07	-6.8894277266e-07	-7.6638181967e-06	-2.4968348034e-06
2.0000000000e+00	4.1009243701e-05	2.4906628010e-06	-1.0033095766e-06	1.6584283234e-06	3.7793256278e-06	-2.6209075053e-06	1.5467140386e-05	-1.1909915916e-07	3.6584638625e-06	-4.5431581274e-07	-4.3678813285e-07	-3.8040275185e-06	-1.2605835454e-06
2.2000000000e+00	1.7233255562e-05	1.2469590798e-06	-5.0036837159e-07	6.2787238329e-07	1.7076378640e-06	-1.1851236981e-06	7.0462427164e-06	-4.5722649486e-08	1.7408478407e-06	-2.2972398447e-07	-2.6172730019e-07	-1.8984426655e-06	-6.4154856699e-07
2.4000000000e+00	7.4305531445e-06	6.2651931234e-07	-2.4802547415e-07	2.3377699006e-07	7.8709518528e-07	-5.4528191665e-07	3.2614650588e-06	-1.8198649118e-08	8.3890860795e-07	-1.1743475080e-07	-1.5143000809e-07	-9.5221137906e-07	-3.2897337873e-07
2.6000000000e+00	3.2756165169e-06	3.1614808134e-07	-1.2267059738e-07	8.4122141228e-08	3.6915475386e-07	-2.5489717585e-07	1.5308663072e-06	-7.7283533235e-09	4.0875084459e-07	-6.0636659977e-08	-8.5608095467e-08	-4.7988303600e-07	-1.6989375937e-07
2.8000000000e+00	1.4721770090e-06	1.6027322378e-07	-6.0675001836e-08	2.8335875605e-08	1.7581782623e-07	-1.2091180410e-07	7.2754823627e-07	-3.6030082130e-09	2.0110886062e-07	-3.1602094959e-08	-4.7633573577e-08	-2.4295024925e-07	-8.8326379717e-08
3.0000000000e+00	6.7303554261e-07	8.1637765097e-08	-3.0053083337e-08	8.2837782341e-09	8.4894561235e-08	-5.8141940978e-08	3.4965561980e-07	-1.8654791418e-09	9.9810950353e-08	-1.6614065681e-08	-2.6210384462e-08	-1.2354075724e-07	-4.6206862049e-08
3.2000000000e+00	3.1240748929e-07	4.1780713918e-08	-1.4918251463e-08	1.5621643165e-09	4.1502227490e-08	-2.8316537546e-08	1.6975408118e-07	-1.0572558156e-09	4.9926314313e-08	-8.8056370908e-09	-1.4309220384e-08	-6.3089084508e-08	-2.4312700701e-08
3.4000000000e+00	1.4700795767e-07	2.1482453655e-08	-7.4246532484e-09	-3.7478070574e-10	2.0518454584e-08	-1.3956187914e-08	8.3179946707e-08	-6.3651108658e-10	2.5152444872e-08	-4.7024043539e-09	-7.7687790806e-09	-3.2351541843e-08	-1.2861194223e-08
3.6000000000e+00	7.0037811235e-08	1.1096105365e-08	-3.7054308773e-09	-7.1634039943e-10	1.0248960345e-08	-6.9556547198e-09	4.1106389730e-08	-3.9541661038e-10	1.2754914047e-08	-2.5287111774e-09	-4.2017101391e-09	-1.6656430944e-08	-6.8370759020e-09
3.8000000000e+00	3.3745539150e-08	5.7568506755e-09	-1.8544080791e-09	-6.0521394818e-10	5.1679157952e-09	-3.5029812468e-09	2.0474365343e-08	-2.4845198215e-10	6.5074355257e-09	-1.3685009295e-09	-2.2666917625e-09	-8.6092881861e-09	-3.6511673945e-09
4.0000000000e+00	1.6427788968e-08	2.9996695144e-09	-9.3051829552e-10	-4.2025260074e-10	2.6286727538e-09	-1.7814005139e-09	1.0272507210e-08	-1.5611547886e-10	3.3388631118e-09	-7.4491868493e-10	-1.2208910283e-09	-4.4668905582e-09	-1.9579869396e-09
